0.001000	1.192901e-11
0.001010	1.192901e-11
0.001020	1.192898e-11
0.001030	1.192898e-11
0.001041	1.192902e-11
0.001051	1.192894e-11
0.001062	1.192899e-11
0.001072	1.192902e-11
0.001083	1.192902e-11
0.001094	1.192901e-11
0.001105	1.192899e-11
0.001116	1.192895e-11
0.001127	1.192902e-11
0.001138	1.192903e-11
0.001149	1.192903e-11
0.001161	1.192904e-11
0.001173	1.192901e-11
0.001184	1.192903e-11
0.001196	1.192904e-11
0.001208	1.192904e-11
0.001220	1.192899e-11
0.001232	1.192905e-11
0.001245	1.192903e-11
0.001257	1.192903e-11
0.001270	1.192904e-11
0.001282	1.192906e-11
0.001295	1.192902e-11
0.001308	1.192905e-11
0.001321	1.192906e-11
0.001335	1.192907e-11
0.001348	1.192908e-11
0.001361	1.192907e-11
0.001375	1.192906e-11
0.001389	1.192905e-11
0.001403	1.192909e-11
0.001417	1.192908e-11
0.001431	1.192908e-11
0.001445	1.192905e-11
0.001460	1.192906e-11
0.001474	1.192907e-11
0.001489	1.192909e-11
0.001504	1.192907e-11
0.001519	1.192908e-11
0.001534	1.192908e-11
0.001549	1.192909e-11
0.001565	1.192911e-11
0.001580	1.192909e-11
0.001596	1.192910e-11
0.001612	1.192910e-11
0.001628	1.192909e-11
0.001645	1.192910e-11
0.001661	1.192908e-11
0.001678	1.192908e-11
0.001694	1.192910e-11
0.001711	1.192910e-11
0.001729	1.192911e-11
0.001746	1.192910e-11
0.001763	1.192912e-11
0.001781	1.192911e-11
0.001799	1.192912e-11
0.001817	1.192912e-11
0.001835	1.192913e-11
0.001853	1.192912e-11
0.001872	1.192914e-11
0.001890	1.192912e-11
0.001909	1.192914e-11
0.001928	1.192914e-11
0.001948	1.192914e-11
0.001967	1.192914e-11
0.001987	1.192915e-11
0.002007	1.192915e-11
0.002027	1.192915e-11
0.002047	1.192916e-11
0.002068	1.192916e-11
0.002088	1.192917e-11
0.002109	1.192917e-11
0.002130	1.192917e-11
0.002152	1.192918e-11
0.002173	1.192918e-11
0.002195	1.192918e-11
0.002217	1.192919e-11
0.002239	1.192919e-11
0.002261	1.192919e-11
0.002284	1.192919e-11
0.002307	1.192920e-11
0.002330	1.192921e-11
0.002353	1.192921e-11
0.002377	1.192922e-11
0.002400	1.192922e-11
0.002424	1.192923e-11
0.002449	1.192923e-11
0.002473	1.192924e-11
0.002498	1.192924e-11
0.002523	1.192925e-11
0.002548	1.192925e-11
0.002574	1.192926e-11
0.002599	1.192927e-11
0.002625	1.192927e-11
0.002652	1.192928e-11
0.002678	1.192928e-11
0.002705	1.192929e-11
0.002732	1.192930e-11
0.002759	1.192931e-11
0.002787	1.192931e-11
0.002815	1.192932e-11
0.002843	1.192932e-11
0.002871	1.192933e-11
0.002900	1.192934e-11
0.002929	1.192934e-11
0.002958	1.192935e-11
0.002988	1.192936e-11
0.003018	1.192936e-11
0.003048	1.192937e-11
0.003078	1.192938e-11
0.003109	1.192939e-11
0.003140	1.192940e-11
0.003172	1.192941e-11
0.003203	1.192941e-11
0.003235	1.192942e-11
0.003268	1.192943e-11
0.003300	1.192944e-11
0.003333	1.192945e-11
0.003367	1.192946e-11
0.003400	1.192947e-11
0.003434	1.192948e-11
0.003469	1.192949e-11
0.003503	1.192950e-11
0.003538	1.192951e-11
0.003574	1.192952e-11
0.003610	1.192953e-11
0.003646	1.192954e-11
0.003682	1.192955e-11
0.003719	1.192957e-11
0.003756	1.192958e-11
0.003794	1.192959e-11
0.003832	1.192960e-11
0.003870	1.192961e-11
0.003909	1.192963e-11
0.003948	1.192964e-11
0.003987	1.192965e-11
0.004027	1.192967e-11
0.004067	1.192968e-11
0.004108	1.192969e-11
0.004149	1.192971e-11
0.004191	1.192972e-11
0.004233	1.192974e-11
0.004275	1.192975e-11
0.004318	1.192977e-11
0.004361	1.192978e-11
0.004404	1.192980e-11
0.004448	1.192982e-11
0.004493	1.192983e-11
0.004538	1.192985e-11
0.004583	1.192987e-11
0.004629	1.192989e-11
0.004675	1.192990e-11
0.004722	1.192992e-11
0.004769	1.192994e-11
0.004817	1.192996e-11
0.004865	1.192998e-11
0.004914	1.193000e-11
0.004963	1.193002e-11
0.005013	1.193004e-11
0.005063	1.193006e-11
0.005113	1.193009e-11
0.005164	1.193011e-11
0.005216	1.193013e-11
0.005268	1.193015e-11
0.005321	1.193018e-11
0.005374	1.193020e-11
0.005428	1.193022e-11
0.005482	1.193025e-11
0.005537	1.193028e-11
0.005592	1.193030e-11
0.005648	1.193033e-11
0.005705	1.193035e-11
0.005762	1.193038e-11
0.005819	1.193041e-11
0.005878	1.193044e-11
0.005936	1.193047e-11
0.005996	1.193050e-11
0.006056	1.193053e-11
0.006116	1.193056e-11
0.006177	1.193059e-11
0.006239	1.193062e-11
0.006302	1.193066e-11
0.006365	1.193069e-11
0.006428	1.193072e-11
0.006493	1.193076e-11
0.006558	1.193079e-11
0.006623	1.193083e-11
0.006689	1.193087e-11
0.006756	1.193090e-11
0.006824	1.193094e-11
0.006892	1.193098e-11
0.006961	1.193102e-11
0.007031	1.193106e-11
0.007101	1.193110e-11
0.007172	1.193115e-11
0.007244	1.193119e-11
0.007316	1.193123e-11
0.007389	1.193128e-11
0.007463	1.193132e-11
0.007538	1.193137e-11
0.007613	1.193142e-11
0.007689	1.193147e-11
0.007766	1.193152e-11
0.007844	1.193157e-11
0.007922	1.193162e-11
0.008001	1.193167e-11
0.008081	1.193172e-11
0.008162	1.193178e-11
0.008244	1.193183e-11
0.008326	1.193189e-11
0.008410	1.193195e-11
0.008494	1.193201e-11
0.008579	1.193207e-11
0.008664	1.193213e-11
0.008751	1.193219e-11
0.008839	1.193225e-11
0.008927	1.193232e-11
0.009016	1.193239e-11
0.009106	1.193245e-11
0.009197	1.193252e-11
0.009289	1.193259e-11
0.009382	1.193266e-11
0.009476	1.193274e-11
0.009571	1.193281e-11
0.009667	1.193289e-11
0.009763	1.193296e-11
0.009861	1.193304e-11
0.009959	1.193312e-11
0.010059	1.193320e-11
0.010160	1.193329e-11
0.010261	1.193337e-11
0.010364	1.193346e-11
0.010468	1.193355e-11
0.010572	1.193364e-11
0.010678	1.193373e-11
0.010785	1.193382e-11
0.010893	1.193392e-11
0.011001	1.193402e-11
0.011111	1.193412e-11
0.011223	1.193422e-11
0.011335	1.193432e-11
0.011448	1.193443e-11
0.011563	1.193453e-11
0.011678	1.193464e-11
0.011795	1.193475e-11
0.011913	1.193487e-11
0.012032	1.193498e-11
0.012152	1.193510e-11
0.012274	1.193522e-11
0.012397	1.193534e-11
0.012521	1.193547e-11
0.012646	1.193559e-11
0.012772	1.193572e-11
0.012900	1.193585e-11
0.013029	1.193599e-11
0.013159	1.193612e-11
0.013291	1.193626e-11
0.013424	1.193641e-11
0.013558	1.193655e-11
0.013694	1.193670e-11
0.013831	1.193685e-11
0.013969	1.193700e-11
0.014109	1.193716e-11
0.014250	1.193732e-11
0.014392	1.193748e-11
0.014536	1.193764e-11
0.014682	1.193781e-11
0.014828	1.193798e-11
0.014977	1.193816e-11
0.015126	1.193833e-11
0.015278	1.193851e-11
0.015430	1.193870e-11
0.015585	1.193889e-11
0.015741	1.193908e-11
0.015898	1.193927e-11
0.016057	1.193947e-11
0.016218	1.193967e-11
0.016380	1.193988e-11
0.016544	1.194008e-11
0.016709	1.194030e-11
0.016876	1.194051e-11
0.017045	1.194074e-11
0.017215	1.194096e-11
0.017387	1.194119e-11
0.017561	1.194142e-11
0.017737	1.194166e-11
0.017914	1.194190e-11
0.018093	1.194215e-11
0.018274	1.194240e-11
0.018457	1.194265e-11
0.018642	1.194291e-11
0.018828	1.194318e-11
0.019016	1.194344e-11
0.019206	1.194372e-11
0.019399	1.194400e-11
0.019593	1.194428e-11
0.019788	1.194457e-11
0.019986	1.194486e-11
0.020186	1.194516e-11
0.020388	1.194546e-11
0.020592	1.194577e-11
0.020798	1.194609e-11
0.021006	1.194641e-11
0.021216	1.194673e-11
0.021428	1.194706e-11
0.021642	1.194740e-11
0.021859	1.194774e-11
0.022077	1.194809e-11
0.022298	1.194844e-11
0.022521	1.194880e-11
0.022746	1.194917e-11
0.022974	1.194954e-11
0.023204	1.194992e-11
0.023436	1.195031e-11
0.023670	1.195070e-11
0.023907	1.195110e-11
0.024146	1.195150e-11
0.024387	1.195191e-11
0.024631	1.195233e-11
0.024877	1.195276e-11
0.025126	1.195319e-11
0.025377	1.195363e-11
0.025631	1.195407e-11
0.025887	1.195453e-11
0.026146	1.195499e-11
0.026408	1.195545e-11
0.026672	1.195593e-11
0.026939	1.195641e-11
0.027208	1.195690e-11
0.027480	1.195740e-11
0.027755	1.195791e-11
0.028032	1.195842e-11
0.028313	1.195894e-11
0.028596	1.195947e-11
0.028882	1.196001e-11
0.029171	1.196056e-11
0.029462	1.196111e-11
0.029757	1.196167e-11
0.030055	1.196225e-11
0.030355	1.196283e-11
0.030659	1.196341e-11
0.030965	1.196401e-11
0.031275	1.196462e-11
0.031588	1.196523e-11
0.031903	1.196586e-11
0.032223	1.196649e-11
0.032545	1.196713e-11
0.032870	1.196779e-11
0.033199	1.196845e-11
0.033531	1.196912e-11
0.033866	1.196980e-11
0.034205	1.197049e-11
0.034547	1.197119e-11
0.034892	1.197189e-11
0.035241	1.197261e-11
0.035594	1.197334e-11
0.035950	1.197408e-11
0.036309	1.197483e-11
0.036672	1.197559e-11
0.037039	1.197636e-11
0.037409	1.197714e-11
0.037783	1.197793e-11
0.038161	1.197873e-11
0.038543	1.197954e-11
0.038928	1.198036e-11
0.039318	1.198119e-11
0.039711	1.198203e-11
0.040108	1.198289e-11
0.040509	1.198375e-11
0.040914	1.198463e-11
0.041323	1.198551e-11
0.041736	1.198641e-11
0.042154	1.198732e-11
0.042575	1.198824e-11
0.043001	1.198918e-11
0.043431	1.199012e-11
0.043865	1.199108e-11
0.044304	1.199204e-11
0.044747	1.199302e-11
0.045195	1.199401e-11
0.045647	1.199502e-11
0.046103	1.199603e-11
0.046564	1.199706e-11
0.047030	1.199810e-11
0.047500	1.199916e-11
0.047975	1.200023e-11
0.048455	1.200131e-11
0.048939	1.200240e-11
0.049429	1.200350e-11
0.049923	1.200462e-11
0.050422	1.200576e-11
0.050926	1.200691e-11
0.051436	1.200807e-11
0.051950	1.200924e-11
0.052469	1.201043e-11
0.052994	1.201164e-11
0.053524	1.201286e-11
0.054059	1.201409e-11
0.054600	1.201534e-11
0.055146	1.201661e-11
0.055697	1.201789e-11
0.056254	1.201919e-11
0.056817	1.202050e-11
0.057385	1.202184e-11
0.057959	1.202318e-11
0.058539	1.202455e-11
0.059124	1.202594e-11
0.059715	1.202734e-11
0.060312	1.202876e-11
0.060915	1.203020e-11
0.061525	1.203166e-11
0.062140	1.203314e-11
0.062761	1.203464e-11
0.063389	1.203616e-11
0.064023	1.203770e-11
0.064663	1.203926e-11
0.065310	1.204085e-11
0.065963	1.204246e-11
0.066622	1.204409e-11
0.067289	1.204574e-11
0.067961	1.204742e-11
0.068641	1.204912e-11
0.069327	1.205085e-11
0.070021	1.205260e-11
0.070721	1.205438e-11
0.071428	1.205619e-11
0.072142	1.205802e-11
0.072864	1.205988e-11
0.073592	1.206177e-11
0.074328	1.206369e-11
0.075072	1.206564e-11
0.075822	1.206762e-11
0.076581	1.206963e-11
0.077346	1.207167e-11
0.078120	1.207375e-11
0.078901	1.207585e-11
0.079690	1.207799e-11
0.080487	1.208016e-11
0.081292	1.208237e-11
0.082105	1.208461e-11
0.082926	1.208688e-11
0.083755	1.208920e-11
0.084593	1.209154e-11
0.085439	1.209393e-11
0.086293	1.209635e-11
0.087156	1.209881e-11
0.088027	1.210131e-11
0.088908	1.210385e-11
0.089797	1.210642e-11
0.090695	1.210904e-11
0.091602	1.211170e-11
0.092518	1.211439e-11
0.093443	1.211713e-11
0.094377	1.211991e-11
0.095321	1.212273e-11
0.096274	1.212560e-11
0.097237	1.212850e-11
0.098209	1.213145e-11
0.099192	1.213445e-11
0.100183	1.213748e-11
0.101185	1.214056e-11
0.102197	1.214369e-11
0.103219	1.214686e-11
0.104251	1.215008e-11
0.105294	1.215334e-11
0.106347	1.215665e-11
0.107410	1.216000e-11
0.108484	1.216340e-11
0.109569	1.216685e-11
0.110665	1.217035e-11
0.111772	1.217389e-11
0.112889	1.217748e-11
0.114018	1.218112e-11
0.115158	1.218481e-11
0.116310	1.218854e-11
0.117473	1.219233e-11
0.118648	1.219616e-11
0.119834	1.220004e-11
0.121033	1.220397e-11
0.122243	1.220796e-11
0.123465	1.221199e-11
0.124700	1.221607e-11
0.125947	1.222020e-11
0.127206	1.222439e-11
0.128478	1.222862e-11
0.129763	1.223291e-11
0.131061	1.223725e-11
0.132372	1.224164e-11
0.133695	1.224608e-11
0.135032	1.225057e-11
0.136383	1.225512e-11
0.137746	1.225972e-11
0.139124	1.226437e-11
0.140515	1.226908e-11
0.141920	1.227384e-11
0.143339	1.227866e-11
0.144773	1.228353e-11
0.146221	1.228846e-11
0.147683	1.229344e-11
0.149160	1.229848e-11
0.150651	1.230358e-11
0.152158	1.230873e-11
0.153679	1.231394e-11
0.155216	1.231922e-11
0.156768	1.232455e-11
0.158336	1.232995e-11
0.159919	1.233540e-11
0.161518	1.234092e-11
0.163134	1.234650e-11
0.164765	1.235215e-11
0.166413	1.235787e-11
0.168077	1.236365e-11
0.169757	1.236950e-11
0.171455	1.237542e-11
0.173170	1.238141e-11
0.174901	1.238748e-11
0.176650	1.239362e-11
0.178417	1.239983e-11
0.180201	1.240613e-11
0.182003	1.241250e-11
0.183823	1.241895e-11
0.185661	1.242549e-11
0.187518	1.243210e-11
0.189393	1.243881e-11
0.191287	1.244560e-11
0.193200	1.245248e-11
0.195132	1.245946e-11
0.197083	1.246652e-11
0.199054	1.247369e-11
0.201045	1.248094e-11
0.203055	1.248830e-11
0.205086	1.249575e-11
0.207136	1.250331e-11
0.209208	1.251097e-11
0.211300	1.251873e-11
0.213413	1.252660e-11
0.215547	1.253458e-11
0.217702	1.254267e-11
0.219879	1.255086e-11
0.222078	1.255917e-11
0.224299	1.256758e-11
0.226542	1.257611e-11
0.228807	1.258476e-11
0.231095	1.259351e-11
0.233406	1.260238e-11
0.235741	1.261137e-11
0.238098	1.262047e-11
0.240479	1.262969e-11
0.242884	1.263903e-11
0.245313	1.264848e-11
0.247766	1.265804e-11
0.250243	1.266773e-11
0.252746	1.267753e-11
0.255273	1.268745e-11
0.257826	1.269749e-11
0.260404	1.270765e-11
0.263008	1.271792e-11
0.265638	1.272831e-11
0.268295	1.273882e-11
0.270978	1.274945e-11
0.273687	1.276020e-11
0.276424	1.277107e-11
0.279189	1.278206e-11
0.281980	1.279317e-11
0.284800	1.280440e-11
0.287648	1.281575e-11
0.290525	1.282723e-11
0.293430	1.283883e-11
0.296364	1.285056e-11
0.299328	1.286242e-11
0.302321	1.287440e-11
0.305344	1.288652e-11
0.308398	1.289877e-11
0.311482	1.291115e-11
0.314597	1.292366e-11
0.317743	1.293632e-11
0.320920	1.294911e-11
0.324129	1.296205e-11
0.327370	1.297514e-11
0.330644	1.298837e-11
0.333951	1.300175e-11
0.337290	1.301529e-11
0.340663	1.302898e-11
0.344070	1.304283e-11
0.347510	1.305685e-11
0.350985	1.307104e-11
0.354495	1.308539e-11
0.358040	1.309992e-11
0.361621	1.311462e-11
0.365237	1.312951e-11
0.368889	1.314458e-11
0.372578	1.315984e-11
0.376304	1.317529e-11
0.380067	1.319093e-11
0.383868	1.320677e-11
0.387706	1.322282e-11
0.391583	1.323906e-11
0.395499	1.325552e-11
0.399454	1.327218e-11
0.403449	1.328905e-11
0.407483	1.330614e-11
0.411558	1.332344e-11
0.415674	1.334097e-11
0.419830	1.335871e-11
0.424029	1.337667e-11
0.428269	1.339485e-11
0.432552	1.341326e-11
0.436877	1.343189e-11
0.441246	1.345075e-11
0.445658	1.346983e-11
0.450115	1.348915e-11
0.454616	1.350868e-11
0.459162	1.352845e-11
0.463754	1.354845e-11
0.468391	1.356867e-11
0.473075	1.358913e-11
0.477806	1.360982e-11
0.482584	1.363075e-11
0.487410	1.365192e-11
0.492284	1.367332e-11
0.497207	1.369497e-11
0.502179	1.371686e-11
0.507201	1.373900e-11
0.512273	1.376139e-11
0.517396	1.378404e-11
0.522570	1.380696e-11
0.527795	1.383013e-11
0.533073	1.385359e-11
0.538404	1.387731e-11
0.543788	1.390133e-11
0.549226	1.392563e-11
0.554718	1.395023e-11
0.560265	1.397513e-11
0.565868	1.400035e-11
0.571527	1.402588e-11
0.577242	1.405174e-11
0.583014	1.407793e-11
0.588844	1.410446e-11
0.594733	1.413133e-11
0.600680	1.415857e-11
0.606687	1.418617e-11
0.612754	1.421413e-11
0.618881	1.424248e-11
0.625070	1.427121e-11
0.631321	1.430034e-11
0.637634	1.432986e-11
0.644011	1.435979e-11
0.650451	1.439014e-11
0.656955	1.442091e-11
0.663525	1.445210e-11
0.670160	1.448373e-11
0.676862	1.451580e-11
0.683630	1.454832e-11
0.690466	1.458129e-11
0.697371	1.461472e-11
0.704345	1.464862e-11
0.711388	1.468299e-11
0.718502	1.471784e-11
0.725687	1.475317e-11
0.732944	1.478900e-11
0.740273	1.482532e-11
0.747676	1.486216e-11
0.755153	1.489951e-11
0.762705	1.493740e-11
0.770332	1.497581e-11
0.778035	1.501478e-11
0.785815	1.505431e-11
0.793673	1.509441e-11
0.801610	1.513510e-11
0.809626	1.517639e-11
0.817722	1.521830e-11
0.825900	1.526085e-11
0.834159	1.530405e-11
0.842500	1.534792e-11
0.850925	1.539248e-11
0.859435	1.543775e-11
0.868029	1.548375e-11
0.876709	1.553051e-11
0.885476	1.557805e-11
0.894331	1.562638e-11
0.903274	1.567554e-11
0.912307	1.572555e-11
0.921430	1.577642e-11
0.930644	1.582820e-11
0.939951	1.588090e-11
0.949350	1.593454e-11
0.958844	1.598916e-11
0.968432	1.604479e-11
0.978117	1.610144e-11
0.987898	1.615915e-11
0.997777	1.621795e-11
1.007755	1.627787e-11
1.017832	1.633893e-11
1.028010	1.640118e-11
1.038291	1.646463e-11
1.048673	1.652934e-11
1.059160	1.659532e-11
1.069752	1.666261e-11
1.080449	1.673127e-11
1.091254	1.680131e-11
1.102166	1.687279e-11
1.113188	1.694574e-11
1.124320	1.702021e-11
1.135563	1.709625e-11
1.146919	1.717390e-11
1.158388	1.725323e-11
1.169972	1.733427e-11
1.181671	1.741710e-11
1.193488	1.750176e-11
1.205423	1.758833e-11
1.217477	1.767686e-11
1.229652	1.776744e-11
1.241949	1.786012e-11
1.254368	1.795499e-11
1.266912	1.805212e-11
1.279581	1.815159e-11
1.292377	1.825350e-11
1.305300	1.835793e-11
1.318353	1.846498e-11
1.331537	1.857473e-11
1.344852	1.868728e-11
1.358301	1.880275e-11
1.371884	1.892124e-11
1.385603	1.904285e-11
1.399459	1.916770e-11
1.413453	1.929590e-11
1.427588	1.942758e-11
1.441864	1.956287e-11
1.456282	1.970189e-11
1.470845	1.984477e-11
1.485554	1.999166e-11
1.500409	2.014268e-11
1.515413	2.029800e-11
1.530567	2.045776e-11
1.545873	2.062212e-11
1.561332	2.079123e-11
1.576945	2.096525e-11
1.592715	2.114436e-11
1.608642	2.132872e-11
1.624728	2.151852e-11
1.640975	2.171391e-11
1.657385	2.191509e-11
1.673959	2.212224e-11
1.690699	2.233554e-11
1.707606	2.255517e-11
1.724682	2.278131e-11
1.741929	2.301414e-11
1.759348	2.325385e-11
1.776941	2.350060e-11
1.794711	2.375455e-11
1.812658	2.401585e-11
1.830784	2.428466e-11
1.849092	2.456108e-11
1.867583	2.484524e-11
1.886259	2.513720e-11
1.905122	2.543702e-11
1.924173	2.574472e-11
1.943415	2.606030e-11
1.962849	2.638368e-11
1.982477	2.671476e-11
2.002302	2.705338e-11
2.022325	2.739932e-11
2.042548	2.775230e-11
2.062974	2.811196e-11
2.083603	2.847786e-11
2.104439	2.884951e-11
2.125484	2.922631e-11
2.146739	2.960760e-11
2.168206	2.999264e-11
2.189888	3.038061e-11
2.211787	3.077064e-11
2.233905	3.116180e-11
2.256244	3.155313e-11
2.278806	3.194364e-11
2.301594	3.233236e-11
2.324610	3.271835e-11
2.347857	3.310072e-11
2.371335	3.347868e-11
2.395048	3.385152e-11
2.418999	3.421872e-11
2.443189	3.457990e-11
2.467621	3.493486e-11
2.492297	3.528362e-11
2.517220	3.562638e-11
2.542392	3.596358e-11
2.567816	3.629585e-11
2.593494	3.662400e-11
2.619429	3.694902e-11
2.645623	3.727205e-11
2.672080	3.759434e-11
2.698801	3.791724e-11
2.725789	3.824212e-11
2.753046	3.857041e-11
2.780577	3.890347e-11
2.808383	3.924265e-11
2.836466	3.958919e-11
2.864831	3.994421e-11
2.893479	4.030871e-11
2.922414	4.068348e-11
2.951638	4.106914e-11
2.981155	4.146609e-11
3.010966	4.187449e-11
3.041076	4.229428e-11
3.071487	4.272513e-11
3.102202	4.316650e-11
3.133224	4.361761e-11
3.164556	4.407751e-11
3.196201	4.454506e-11
3.228163	4.501902e-11
3.260445	4.549809e-11
3.293050	4.598096e-11
3.325980	4.646640e-11
3.359240	4.695333e-11
3.392832	4.744087e-11
3.426761	4.792839e-11
3.461028	4.841557e-11
3.495638	4.890240e-11
3.530595	4.938922e-11
3.565901	4.987661e-11
3.601560	5.036546e-11
3.637575	5.085679e-11
3.673951	5.135176e-11
3.710691	5.185155e-11
3.747798	5.235725e-11
3.785275	5.286983e-11
3.823128	5.339003e-11
3.861360	5.391836e-11
3.899973	5.445502e-11
3.938973	5.499994e-11
3.978363	5.555280e-11
4.018146	5.611306e-11
4.058328	5.668007e-11
4.098911	5.725311e-11
4.139900	5.783152e-11
4.181299	5.841474e-11
4.223112	5.900238e-11
4.265343	5.959429e-11
4.307997	6.019054e-11
4.351077	6.079137e-11
4.394587	6.139723e-11
4.438533	6.200862e-11
4.482919	6.262606e-11
4.527748	6.325004e-11
4.573025	6.388091e-11
4.618755	6.451887e-11
4.664943	6.516400e-11
4.711592	6.581620e-11
4.758708	6.647534e-11
4.806295	6.714119e-11
4.854358	6.781360e-11
4.902902	6.849244e-11
4.951931	6.917771e-11
5.001450	6.986946e-11
5.051465	7.056787e-11
5.101979	7.127312e-11
5.152999	7.198543e-11
5.204529	7.270496e-11
5.256575	7.343185e-11
5.309140	7.416617e-11
5.362232	7.490795e-11
5.415854	7.565720e-11
5.470013	7.641393e-11
5.524713	7.717817e-11
5.579960	7.794997e-11
5.635759	7.872944e-11
5.692117	7.951668e-11
5.749038	8.031178e-11
5.806529	8.111486e-11
5.864594	8.192600e-11
5.923240	8.274527e-11
5.982472	8.357275e-11
6.042297	8.440850e-11
6.102720	8.525259e-11
6.163747	8.610512e-11
6.225385	8.696616e-11
6.287638	8.783581e-11
6.350515	8.871417e-11
6.414020	8.960131e-11
6.478160	9.049733e-11
6.542942	9.140230e-11
6.608371	9.231633e-11
6.674455	9.323949e-11
6.741199	9.417188e-11
6.808611	9.511360e-11
6.876697	9.606474e-11
6.945464	9.702538e-11
7.014919	9.799564e-11
7.085068	9.897560e-11
7.155919	9.996535e-11
7.227478	1.009650e-10
7.299753	1.019747e-10
7.372750	1.029944e-10
7.446478	1.040243e-10
7.520943	1.050646e-10
7.596152	1.061152e-10
7.672114	1.071764e-10
7.748835	1.082482e-10
7.826323	1.093306e-10
7.904586	1.104239e-10
7.983632	1.115282e-10
8.063469	1.126435e-10
8.144103	1.137699e-10
8.225544	1.149076e-10
8.307800	1.160567e-10
8.390878	1.172172e-10
8.474787	1.183894e-10
8.559534	1.195733e-10
8.645130	1.207690e-10
8.731581	1.219767e-10
8.818897	1.231965e-10
8.907086	1.244285e-10
8.996157	1.256727e-10
9.086118	1.269295e-10
9.176979	1.281988e-10
9.268749	1.294808e-10
9.361437	1.307756e-10
9.455051	1.320833e-10
9.549602	1.334041e-10
9.645098	1.347382e-10
9.741549	1.360856e-10
9.838964	1.374464e-10
9.937354	1.388209e-10
10.036727	1.402091e-10
10.137095	1.416112e-10
10.238465	1.430273e-10
10.340850	1.444576e-10
10.444259	1.459022e-10
10.548701	1.473612e-10
10.654188	1.488348e-10
10.760730	1.503231e-10
10.868337	1.518264e-10
10.977021	1.533446e-10
11.086791	1.548781e-10
11.197659	1.564269e-10
11.309635	1.579911e-10
11.422732	1.595710e-10
11.536959	1.611667e-10
11.652329	1.627784e-10
11.768852	1.644062e-10
11.886541	1.660503e-10
12.005406	1.677108e-10
12.125460	1.693879e-10
12.246715	1.710817e-10
12.369182	1.727926e-10
12.492874	1.745205e-10
12.617802	1.762657e-10
12.743980	1.780284e-10
12.871420	1.798086e-10
13.000134	1.816067e-10
13.130136	1.834228e-10
13.261437	1.852570e-10
13.394051	1.871096e-10
13.527992	1.889807e-10
13.663272	1.908705e-10
13.799905	1.927792e-10
13.937904	1.947070e-10
14.077283	1.966541e-10
14.218055	1.986206e-10
14.360236	2.006068e-10
14.503838	2.026129e-10
14.648877	2.046390e-10
14.795366	2.066854e-10
14.943319	2.087522e-10
15.092752	2.108398e-10
15.243680	2.129482e-10
15.396117	2.150776e-10
15.550078	2.172284e-10
15.705579	2.194007e-10
15.862634	2.215947e-10
16.021261	2.238107e-10
16.181473	2.260488e-10
16.343288	2.283093e-10
16.506721	2.305923e-10
16.671788	2.328983e-10
16.838506	2.352273e-10
17.006891	2.375795e-10
17.176960	2.399553e-10
17.348730	2.423549e-10
17.522217	2.447784e-10
17.697439	2.472262e-10
17.874414	2.496985e-10
18.053158	2.521955e-10
18.233689	2.547174e-10
18.416026	2.572646e-10
18.600186	2.598372e-10
18.786188	2.624356e-10
18.974050	2.650600e-10
19.163791	2.677106e-10
19.355429	2.703877e-10
19.548983	2.730915e-10
19.744473	2.758225e-10
19.941917	2.785807e-10
20.141337	2.813665e-10
20.342750	2.841802e-10
20.546177	2.870220e-10
20.751639	2.898922e-10
20.959156	2.927911e-10
21.168747	2.957190e-10
21.380435	2.986762e-10
21.594239	3.016630e-10
21.810181	3.046796e-10
22.028283	3.077264e-10
22.248566	3.108036e-10
22.471052	3.139117e-10
22.695762	3.170508e-10
22.922720	3.202213e-10
23.151947	3.234235e-10
23.383467	3.266578e-10
23.617301	3.299243e-10
23.853474	3.332236e-10
24.092009	3.365558e-10
24.332929	3.399214e-10
24.576258	3.433206e-10
24.822021	3.467538e-10
25.070241	3.502213e-10
25.320944	3.537235e-10
25.574153	3.572608e-10
25.829894	3.608334e-10
26.088193	3.644417e-10
26.349075	3.680861e-10
26.612566	3.717670e-10
26.878692	3.754847e-10
27.147479	3.792395e-10
27.418953	3.830319e-10
27.693143	3.868622e-10
27.970074	3.907309e-10
28.249775	3.946382e-10
28.532273	3.985845e-10
28.817596	4.025704e-10
29.105772	4.065961e-10
29.396829	4.106621e-10
29.690798	4.147687e-10
29.987706	4.189164e-10
30.287583	4.231055e-10
30.590458	4.273366e-10
30.896363	4.316099e-10
31.205327	4.359260e-10
31.517380	4.402853e-10
31.832554	4.446882e-10
32.150879	4.491350e-10
32.472388	4.536264e-10
32.797112	4.581627e-10
33.125083	4.627443e-10
33.456334	4.673717e-10
33.790897	4.720454e-10
34.128806	4.767659e-10
34.470094	4.815336e-10
34.814795	4.863489e-10
35.162943	4.912124e-10
35.514573	4.961245e-10
35.869718	5.010857e-10
36.228416	5.060966e-10
36.590700	5.111576e-10
36.956607	5.162691e-10
37.326173	5.214318e-10
37.699435	5.266462e-10
38.076429	5.319126e-10
38.457193	5.372317e-10
38.841765	5.426041e-10
39.230183	5.480301e-10
39.622485	5.535104e-10
40.018709	5.590455e-10
40.418896	5.646360e-10
40.823085	5.702823e-10
41.231316	5.759851e-10
41.643629	5.817450e-10
42.060066	5.875624e-10
42.480666	5.934381e-10
42.905473	5.993724e-10
43.334528	6.053662e-10
43.767873	6.114198e-10
44.205552	6.175340e-10
44.647607	6.237094e-10
45.094083	6.299465e-10
45.545024	6.362459e-10
46.000474	6.426084e-10
46.460479	6.490345e-10
46.925084	6.555248e-10
47.394335	6.620801e-10
47.868278	6.687009e-10
48.346961	6.753879e-10
48.830431	6.821418e-10
49.318735	6.889632e-10
49.811922	6.958528e-10
50.310041	7.028113e-10
50.813142	7.098394e-10
51.321273	7.169378e-10
51.834486	7.241072e-10
52.352831	7.313483e-10
52.876359	7.386618e-10
53.405123	7.460484e-10
53.939174	7.535089e-10
54.478566	7.610440e-10
55.023351	7.686544e-10
55.573585	7.763410e-10
56.129321	7.841044e-10
56.690614	7.919454e-10
57.257520	7.998649e-10
57.830095	8.078635e-10
58.408396	8.159421e-10
58.992480	8.241016e-10
59.582405	8.323426e-10
60.178229	8.406660e-10
60.780011	8.490727e-10
61.387812	8.575634e-10
62.001690	8.661390e-10
62.621707	8.748004e-10
63.247924	8.835484e-10
63.880403	8.923839e-10
64.519207	9.013077e-10
65.164399	9.103208e-10
65.816043	9.194240e-10
66.474203	9.286183e-10
67.138945	9.379045e-10
67.810335	9.472835e-10
68.488438	9.567563e-10
69.173323	9.663239e-10
69.865056	9.759871e-10
70.563706	9.857470e-10
71.269343	9.956045e-10
71.982037	1.005561e-09
72.701857	1.015616e-09
73.428876	1.025772e-09
74.163165	1.036030e-09
74.904796	1.046390e-09
75.653844	1.056854e-09
76.410383	1.067423e-09
77.174486	1.078097e-09
77.946231	1.088878e-09
78.725694	1.099767e-09
79.512951	1.110764e-09
80.308080	1.121872e-09
81.111161	1.133091e-09
81.922272	1.144422e-09
82.741495	1.155866e-09
83.568910	1.167425e-09
84.404599	1.179099e-09
85.248645	1.190890e-09
86.101132	1.202799e-09
86.962143	1.214827e-09
87.831764	1.226975e-09
88.710082	1.239245e-09
89.597183	1.251637e-09
90.493155	1.264153e-09
91.398086	1.276795e-09
92.312067	1.289563e-09
93.235188	1.302459e-09
94.167540	1.315483e-09
95.109215	1.328638e-09
96.060307	1.341924e-09
97.020910	1.355344e-09
97.991119	1.368897e-09
98.971031	1.382586e-09
99.960741	1.396412e-09
