0.001000	3.940769e-12
0.001010	3.940766e-12
0.001020	3.940776e-12
0.001030	3.940776e-12
0.001041	3.940773e-12
0.001051	3.940774e-12
0.001062	3.940778e-12
0.001072	3.940777e-12
0.001083	3.940774e-12
0.001094	3.940771e-12
0.001105	3.940782e-12
0.001116	3.940781e-12
0.001127	3.940780e-12
0.001138	3.940780e-12
0.001149	3.940783e-12
0.001161	3.940784e-12
0.001173	3.940790e-12
0.001184	3.940785e-12
0.001196	3.940788e-12
0.001208	3.940792e-12
0.001220	3.940792e-12
0.001232	3.940788e-12
0.001245	3.940789e-12
0.001257	3.940791e-12
0.001270	3.940791e-12
0.001282	3.940794e-12
0.001295	3.940794e-12
0.001308	3.940797e-12
0.001321	3.940797e-12
0.001335	3.940798e-12
0.001348	3.940796e-12
0.001361	3.940799e-12
0.001375	3.940802e-12
0.001389	3.940802e-12
0.001403	3.940801e-12
0.001417	3.940804e-12
0.001431	3.940805e-12
0.001445	3.940806e-12
0.001460	3.940806e-12
0.001474	3.940811e-12
0.001489	3.940810e-12
0.001504	3.940810e-12
0.001519	3.940811e-12
0.001534	3.940813e-12
0.001549	3.940816e-12
0.001565	3.940815e-12
0.001580	3.940818e-12
0.001596	3.940820e-12
0.001612	3.940821e-12
0.001628	3.940822e-12
0.001645	3.940824e-12
0.001661	3.940825e-12
0.001678	3.940827e-12
0.001694	3.940827e-12
0.001711	3.940830e-12
0.001729	3.940832e-12
0.001746	3.940833e-12
0.001763	3.940834e-12
0.001781	3.940836e-12
0.001799	3.940838e-12
0.001817	3.940840e-12
0.001835	3.940842e-12
0.001853	3.940845e-12
0.001872	3.940847e-12
0.001890	3.940849e-12
0.001909	3.940851e-12
0.001928	3.940853e-12
0.001948	3.940855e-12
0.001967	3.940857e-12
0.001987	3.940859e-12
0.002007	3.940861e-12
0.002027	3.940863e-12
0.002047	3.940865e-12
0.002068	3.940868e-12
0.002088	3.940870e-12
0.002109	3.940872e-12
0.002130	3.940875e-12
0.002152	3.940878e-12
0.002173	3.940880e-12
0.002195	3.940883e-12
0.002217	3.940886e-12
0.002239	3.940889e-12
0.002261	3.940891e-12
0.002284	3.940894e-12
0.002307	3.940897e-12
0.002330	3.940900e-12
0.002353	3.940903e-12
0.002377	3.940906e-12
0.002400	3.940910e-12
0.002424	3.940913e-12
0.002449	3.940916e-12
0.002473	3.940919e-12
0.002498	3.940923e-12
0.002523	3.940926e-12
0.002548	3.940930e-12
0.002574	3.940934e-12
0.002599	3.940937e-12
0.002625	3.940941e-12
0.002652	3.940945e-12
0.002678	3.940949e-12
0.002705	3.940953e-12
0.002732	3.940957e-12
0.002759	3.940961e-12
0.002787	3.940966e-12
0.002815	3.940970e-12
0.002843	3.940974e-12
0.002871	3.940979e-12
0.002900	3.940984e-12
0.002929	3.940988e-12
0.002958	3.940993e-12
0.002988	3.940998e-12
0.003018	3.941003e-12
0.003048	3.941008e-12
0.003078	3.941013e-12
0.003109	3.941019e-12
0.003140	3.941024e-12
0.003172	3.941030e-12
0.003203	3.941035e-12
0.003235	3.941041e-12
0.003268	3.941047e-12
0.003300	3.941053e-12
0.003333	3.941059e-12
0.003367	3.941065e-12
0.003400	3.941071e-12
0.003434	3.941078e-12
0.003469	3.941085e-12
0.003503	3.941091e-12
0.003538	3.941098e-12
0.003574	3.941105e-12
0.003610	3.941112e-12
0.003646	3.941120e-12
0.003682	3.941127e-12
0.003719	3.941135e-12
0.003756	3.941142e-12
0.003794	3.941150e-12
0.003832	3.941158e-12
0.003870	3.941166e-12
0.003909	3.941175e-12
0.003948	3.941183e-12
0.003987	3.941192e-12
0.004027	3.941201e-12
0.004067	3.941210e-12
0.004108	3.941219e-12
0.004149	3.941229e-12
0.004191	3.941238e-12
0.004233	3.941248e-12
0.004275	3.941258e-12
0.004318	3.941268e-12
0.004361	3.941279e-12
0.004404	3.941289e-12
0.004448	3.941300e-12
0.004493	3.941311e-12
0.004538	3.941322e-12
0.004583	3.941334e-12
0.004629	3.941345e-12
0.004675	3.941357e-12
0.004722	3.941369e-12
0.004769	3.941382e-12
0.004817	3.941394e-12
0.004865	3.941407e-12
0.004914	3.941420e-12
0.004963	3.941434e-12
0.005013	3.941448e-12
0.005063	3.941461e-12
0.005113	3.941476e-12
0.005164	3.941490e-12
0.005216	3.941505e-12
0.005268	3.941520e-12
0.005321	3.941535e-12
0.005374	3.941551e-12
0.005428	3.941567e-12
0.005482	3.941583e-12
0.005537	3.941600e-12
0.005592	3.941617e-12
0.005648	3.941634e-12
0.005705	3.941652e-12
0.005762	3.941670e-12
0.005819	3.941688e-12
0.005878	3.941707e-12
0.005936	3.941726e-12
0.005996	3.941745e-12
0.006056	3.941765e-12
0.006116	3.941785e-12
0.006177	3.941806e-12
0.006239	3.941827e-12
0.006302	3.941848e-12
0.006365	3.941870e-12
0.006428	3.941892e-12
0.006493	3.941915e-12
0.006558	3.941938e-12
0.006623	3.941961e-12
0.006689	3.941985e-12
0.006756	3.942010e-12
0.006824	3.942035e-12
0.006892	3.942060e-12
0.006961	3.942086e-12
0.007031	3.942113e-12
0.007101	3.942140e-12
0.007172	3.942167e-12
0.007244	3.942195e-12
0.007316	3.942224e-12
0.007389	3.942253e-12
0.007463	3.942282e-12
0.007538	3.942313e-12
0.007613	3.942343e-12
0.007689	3.942375e-12
0.007766	3.942407e-12
0.007844	3.942440e-12
0.007922	3.942473e-12
0.008001	3.942507e-12
0.008081	3.942541e-12
0.008162	3.942577e-12
0.008244	3.942612e-12
0.008326	3.942649e-12
0.008410	3.942686e-12
0.008494	3.942724e-12
0.008579	3.942763e-12
0.008664	3.942803e-12
0.008751	3.942843e-12
0.008839	3.942884e-12
0.008927	3.942926e-12
0.009016	3.942968e-12
0.009106	3.943012e-12
0.009197	3.943056e-12
0.009289	3.943101e-12
0.009382	3.943147e-12
0.009476	3.943193e-12
0.009571	3.943241e-12
0.009667	3.943290e-12
0.009763	3.943339e-12
0.009861	3.943390e-12
0.009959	3.943441e-12
0.010059	3.943493e-12
0.010160	3.943546e-12
0.010261	3.943601e-12
0.010364	3.943656e-12
0.010468	3.943712e-12
0.010572	3.943770e-12
0.010678	3.943828e-12
0.010785	3.943888e-12
0.010893	3.943948e-12
0.011001	3.944010e-12
0.011111	3.944073e-12
0.011223	3.944137e-12
0.011335	3.944202e-12
0.011448	3.944269e-12
0.011563	3.944336e-12
0.011678	3.944405e-12
0.011795	3.944475e-12
0.011913	3.944547e-12
0.012032	3.944620e-12
0.012152	3.944694e-12
0.012274	3.944769e-12
0.012397	3.944846e-12
0.012521	3.944924e-12
0.012646	3.945003e-12
0.012772	3.945084e-12
0.012900	3.945167e-12
0.013029	3.945251e-12
0.013159	3.945336e-12
0.013291	3.945423e-12
0.013424	3.945512e-12
0.013558	3.945602e-12
0.013694	3.945694e-12
0.013831	3.945787e-12
0.013969	3.945882e-12
0.014109	3.945978e-12
0.014250	3.946077e-12
0.014392	3.946177e-12
0.014536	3.946278e-12
0.014682	3.946382e-12
0.014828	3.946487e-12
0.014977	3.946595e-12
0.015126	3.946704e-12
0.015278	3.946814e-12
0.015430	3.946927e-12
0.015585	3.947042e-12
0.015741	3.947159e-12
0.015898	3.947277e-12
0.016057	3.947398e-12
0.016218	3.947521e-12
0.016380	3.947645e-12
0.016544	3.947772e-12
0.016709	3.947901e-12
0.016876	3.948032e-12
0.017045	3.948166e-12
0.017215	3.948301e-12
0.017387	3.948439e-12
0.017561	3.948579e-12
0.017737	3.948721e-12
0.017914	3.948866e-12
0.018093	3.949013e-12
0.018274	3.949162e-12
0.018457	3.949314e-12
0.018642	3.949468e-12
0.018828	3.949624e-12
0.019016	3.949783e-12
0.019206	3.949945e-12
0.019399	3.950109e-12
0.019593	3.950276e-12
0.019788	3.950445e-12
0.019986	3.950617e-12
0.020186	3.950792e-12
0.020388	3.950969e-12
0.020592	3.951149e-12
0.020798	3.951332e-12
0.021006	3.951517e-12
0.021216	3.951706e-12
0.021428	3.951897e-12
0.021642	3.952091e-12
0.021859	3.952288e-12
0.022077	3.952487e-12
0.022298	3.952690e-12
0.022521	3.952896e-12
0.022746	3.953105e-12
0.022974	3.953316e-12
0.023204	3.953531e-12
0.023436	3.953749e-12
0.023670	3.953970e-12
0.023907	3.954194e-12
0.024146	3.954421e-12
0.024387	3.954652e-12
0.024631	3.954885e-12
0.024877	3.955122e-12
0.025126	3.955362e-12
0.025377	3.955606e-12
0.025631	3.955852e-12
0.025887	3.956103e-12
0.026146	3.956356e-12
0.026408	3.956613e-12
0.026672	3.956873e-12
0.026939	3.957137e-12
0.027208	3.957404e-12
0.027480	3.957675e-12
0.027755	3.957949e-12
0.028032	3.958227e-12
0.028313	3.958508e-12
0.028596	3.958793e-12
0.028882	3.959082e-12
0.029171	3.959375e-12
0.029462	3.959671e-12
0.029757	3.959970e-12
0.030055	3.960274e-12
0.030355	3.960581e-12
0.030659	3.960893e-12
0.030965	3.961208e-12
0.031275	3.961527e-12
0.031588	3.961850e-12
0.031903	3.962177e-12
0.032223	3.962508e-12
0.032545	3.962843e-12
0.032870	3.963182e-12
0.033199	3.963525e-12
0.033531	3.963873e-12
0.033866	3.964224e-12
0.034205	3.964580e-12
0.034547	3.964941e-12
0.034892	3.965305e-12
0.035241	3.965675e-12
0.035594	3.966048e-12
0.035950	3.966427e-12
0.036309	3.966809e-12
0.036672	3.967197e-12
0.037039	3.967589e-12
0.037409	3.967987e-12
0.037783	3.968389e-12
0.038161	3.968796e-12
0.038543	3.969208e-12
0.038928	3.969625e-12
0.039318	3.970048e-12
0.039711	3.970476e-12
0.040108	3.970910e-12
0.040509	3.971349e-12
0.040914	3.971793e-12
0.041323	3.972244e-12
0.041736	3.972700e-12
0.042154	3.973162e-12
0.042575	3.973631e-12
0.043001	3.974105e-12
0.043431	3.974586e-12
0.043865	3.975074e-12
0.044304	3.975568e-12
0.044747	3.976069e-12
0.045195	3.976577e-12
0.045647	3.977092e-12
0.046103	3.977615e-12
0.046564	3.978145e-12
0.047030	3.978682e-12
0.047500	3.979227e-12
0.047975	3.979780e-12
0.048455	3.980341e-12
0.048939	3.980911e-12
0.049429	3.981489e-12
0.049923	3.982075e-12
0.050422	3.982670e-12
0.050926	3.983275e-12
0.051436	3.983888e-12
0.051950	3.984511e-12
0.052469	3.985143e-12
0.052994	3.985785e-12
0.053524	3.986437e-12
0.054059	3.987100e-12
0.054600	3.987772e-12
0.055146	3.988455e-12
0.055697	3.989149e-12
0.056254	3.989853e-12
0.056817	3.990569e-12
0.057385	3.991296e-12
0.057959	3.992034e-12
0.058539	3.992784e-12
0.059124	3.993546e-12
0.059715	3.994319e-12
0.060312	3.995105e-12
0.060915	3.995903e-12
0.061525	3.996714e-12
0.062140	3.997537e-12
0.062761	3.998373e-12
0.063389	3.999222e-12
0.064023	4.000084e-12
0.064663	4.000959e-12
0.065310	4.001848e-12
0.065963	4.002750e-12
0.066622	4.003666e-12
0.067289	4.004595e-12
0.067961	4.005539e-12
0.068641	4.006497e-12
0.069327	4.007469e-12
0.070021	4.008455e-12
0.070721	4.009456e-12
0.071428	4.010472e-12
0.072142	4.011502e-12
0.072864	4.012547e-12
0.073592	4.013607e-12
0.074328	4.014682e-12
0.075072	4.015773e-12
0.075822	4.016878e-12
0.076581	4.017999e-12
0.077346	4.019135e-12
0.078120	4.020287e-12
0.078901	4.021455e-12
0.079690	4.022639e-12
0.080487	4.023838e-12
0.081292	4.025053e-12
0.082105	4.026284e-12
0.082926	4.027532e-12
0.083755	4.028795e-12
0.084593	4.030075e-12
0.085439	4.031372e-12
0.086293	4.032684e-12
0.087156	4.034013e-12
0.088027	4.035359e-12
0.088908	4.036722e-12
0.089797	4.038101e-12
0.090695	4.039497e-12
0.091602	4.040910e-12
0.092518	4.042340e-12
0.093443	4.043788e-12
0.094377	4.045252e-12
0.095321	4.046734e-12
0.096274	4.048233e-12
0.097237	4.049750e-12
0.098209	4.051284e-12
0.099192	4.052836e-12
0.100183	4.054406e-12
0.101185	4.055994e-12
0.102197	4.057600e-12
0.103219	4.059224e-12
0.104251	4.060867e-12
0.105294	4.062529e-12
0.106347	4.064210e-12
0.107410	4.065909e-12
0.108484	4.067628e-12
0.109569	4.069367e-12
0.110665	4.071125e-12
0.111772	4.072904e-12
0.112889	4.074703e-12
0.114018	4.076523e-12
0.115158	4.078364e-12
0.116310	4.080226e-12
0.117473	4.082110e-12
0.118648	4.084016e-12
0.119834	4.085945e-12
0.121033	4.087897e-12
0.122243	4.089873e-12
0.123465	4.091872e-12
0.124700	4.093896e-12
0.125947	4.095945e-12
0.127206	4.098020e-12
0.128478	4.100120e-12
0.129763	4.102247e-12
0.131061	4.104401e-12
0.132372	4.106583e-12
0.133695	4.108793e-12
0.135032	4.111032e-12
0.136383	4.113301e-12
0.137746	4.115599e-12
0.139124	4.117928e-12
0.140515	4.120289e-12
0.141920	4.122681e-12
0.143339	4.125105e-12
0.144773	4.127562e-12
0.146221	4.130053e-12
0.147683	4.132578e-12
0.149160	4.135137e-12
0.150651	4.137730e-12
0.152158	4.140360e-12
0.153679	4.143024e-12
0.155216	4.145725e-12
0.156768	4.148463e-12
0.158336	4.151237e-12
0.159919	4.154049e-12
0.161518	4.156897e-12
0.163134	4.159784e-12
0.164765	4.162708e-12
0.166413	4.165670e-12
0.168077	4.168671e-12
0.169757	4.171709e-12
0.171455	4.174787e-12
0.173170	4.177902e-12
0.174901	4.181057e-12
0.176650	4.184250e-12
0.178417	4.187481e-12
0.180201	4.190752e-12
0.182003	4.194061e-12
0.183823	4.197410e-12
0.185661	4.200797e-12
0.187518	4.204223e-12
0.189393	4.207689e-12
0.191287	4.211193e-12
0.193200	4.214737e-12
0.195132	4.218321e-12
0.197083	4.221945e-12
0.199054	4.225608e-12
0.201045	4.229311e-12
0.203055	4.233056e-12
0.205086	4.236840e-12
0.207136	4.240666e-12
0.209208	4.244534e-12
0.211300	4.248443e-12
0.213413	4.252395e-12
0.215547	4.256390e-12
0.217702	4.260429e-12
0.219879	4.264511e-12
0.222078	4.268638e-12
0.224299	4.272811e-12
0.226542	4.277030e-12
0.228807	4.281296e-12
0.231095	4.285610e-12
0.233406	4.289973e-12
0.235741	4.294386e-12
0.238098	4.298849e-12
0.240479	4.303363e-12
0.242884	4.307931e-12
0.245313	4.312552e-12
0.247766	4.317229e-12
0.250243	4.321961e-12
0.252746	4.326750e-12
0.255273	4.331598e-12
0.257826	4.336506e-12
0.260404	4.341474e-12
0.263008	4.346504e-12
0.265638	4.351597e-12
0.268295	4.356754e-12
0.270978	4.361976e-12
0.273687	4.367264e-12
0.276424	4.372620e-12
0.279189	4.378044e-12
0.281980	4.383536e-12
0.284800	4.389099e-12
0.287648	4.394732e-12
0.290525	4.400436e-12
0.293430	4.406212e-12
0.296364	4.412061e-12
0.299328	4.417982e-12
0.302321	4.423977e-12
0.305344	4.430045e-12
0.308398	4.436188e-12
0.311482	4.442405e-12
0.314597	4.448696e-12
0.317743	4.455063e-12
0.320920	4.461505e-12
0.324129	4.468022e-12
0.327370	4.474615e-12
0.330644	4.481284e-12
0.333951	4.488029e-12
0.337290	4.494852e-12
0.340663	4.501752e-12
0.344070	4.508730e-12
0.347510	4.515788e-12
0.350985	4.522925e-12
0.354495	4.530143e-12
0.358040	4.537443e-12
0.361621	4.544827e-12
0.365237	4.552295e-12
0.368889	4.559849e-12
0.372578	4.567491e-12
0.376304	4.575223e-12
0.380067	4.583046e-12
0.383868	4.590963e-12
0.387706	4.598975e-12
0.391583	4.607084e-12
0.395499	4.615294e-12
0.399454	4.623606e-12
0.403449	4.632023e-12
0.407483	4.640546e-12
0.411558	4.649179e-12
0.415674	4.657924e-12
0.419830	4.666784e-12
0.424029	4.675760e-12
0.428269	4.684856e-12
0.432552	4.694075e-12
0.436877	4.703417e-12
0.441246	4.712887e-12
0.445658	4.722486e-12
0.450115	4.732217e-12
0.454616	4.742082e-12
0.459162	4.752084e-12
0.463754	4.762225e-12
0.468391	4.772506e-12
0.473075	4.782931e-12
0.477806	4.793500e-12
0.482584	4.804218e-12
0.487410	4.815084e-12
0.492284	4.826102e-12
0.497207	4.837274e-12
0.502179	4.848601e-12
0.507201	4.860086e-12
0.512273	4.871731e-12
0.517396	4.883538e-12
0.522570	4.895511e-12
0.527795	4.907651e-12
0.533073	4.919961e-12
0.538404	4.932446e-12
0.543788	4.945107e-12
0.549226	4.957949e-12
0.554718	4.970975e-12
0.560265	4.984190e-12
0.565868	4.997599e-12
0.571527	5.011206e-12
0.577242	5.025016e-12
0.583014	5.039035e-12
0.588844	5.053268e-12
0.594733	5.067723e-12
0.600680	5.082404e-12
0.606687	5.097319e-12
0.612754	5.112476e-12
0.618881	5.127880e-12
0.625070	5.143539e-12
0.631321	5.159461e-12
0.637634	5.175654e-12
0.644011	5.192125e-12
0.650451	5.208883e-12
0.656955	5.225936e-12
0.663525	5.243292e-12
0.670160	5.260960e-12
0.676862	5.278949e-12
0.683630	5.297267e-12
0.690466	5.315925e-12
0.697371	5.334930e-12
0.704345	5.354293e-12
0.711388	5.374023e-12
0.718502	5.394131e-12
0.725687	5.414626e-12
0.732944	5.435521e-12
0.740273	5.456824e-12
0.747676	5.478549e-12
0.755153	5.500706e-12
0.762705	5.523308e-12
0.770332	5.546368e-12
0.778035	5.569899e-12
0.785815	5.593915e-12
0.793673	5.618431e-12
0.801610	5.643462e-12
0.809626	5.669024e-12
0.817722	5.695133e-12
0.825900	5.721809e-12
0.834159	5.749069e-12
0.842500	5.776934e-12
0.850925	5.805423e-12
0.859435	5.834559e-12
0.868029	5.864363e-12
0.876709	5.894861e-12
0.885476	5.926076e-12
0.894331	5.958035e-12
0.903274	5.990764e-12
0.912307	6.024291e-12
0.921430	6.058646e-12
0.930644	6.093859e-12
0.939951	6.129961e-12
0.949350	6.166985e-12
0.958844	6.204965e-12
0.968432	6.243935e-12
0.978117	6.283931e-12
0.987898	6.324991e-12
0.997777	6.367153e-12
1.007755	6.410457e-12
1.017832	6.454943e-12
1.028010	6.500656e-12
1.038291	6.547637e-12
1.048673	6.595933e-12
1.059160	6.645590e-12
1.069752	6.696656e-12
1.080449	6.749181e-12
1.091254	6.803214e-12
1.102166	6.858809e-12
1.113188	6.916019e-12
1.124320	6.974899e-12
1.135563	7.035505e-12
1.146919	7.097895e-12
1.158388	7.162126e-12
1.169972	7.228258e-12
1.181671	7.296351e-12
1.193488	7.366465e-12
1.205423	7.438660e-12
1.217477	7.512997e-12
1.229652	7.589535e-12
1.241949	7.668333e-12
1.254368	7.749448e-12
1.266912	7.832933e-12
1.279581	7.918840e-12
1.292377	8.007217e-12
1.305300	8.098105e-12
1.318353	8.191539e-12
1.331537	8.287550e-12
1.344852	8.386155e-12
1.358301	8.487363e-12
1.371884	8.591173e-12
1.385603	8.697566e-12
1.399459	8.806511e-12
1.413453	8.917957e-12
1.427588	9.031836e-12
1.441864	9.148056e-12
1.456282	9.266504e-12
1.470845	9.387042e-12
1.485554	9.509507e-12
1.500409	9.633709e-12
1.515413	9.759434e-12
1.530567	9.886440e-12
1.545873	1.001446e-11
1.561332	1.014321e-11
1.576945	1.027239e-11
1.592715	1.040168e-11
1.608642	1.053076e-11
1.624728	1.065929e-11
1.640975	1.078698e-11
1.657385	1.091352e-11
1.673959	1.103864e-11
1.690699	1.116211e-11
1.707606	1.128374e-11
1.724682	1.140340e-11
1.741929	1.152101e-11
1.759348	1.163657e-11
1.776941	1.175013e-11
1.794711	1.186182e-11
1.812658	1.197185e-11
1.830784	1.208046e-11
1.849092	1.218798e-11
1.867583	1.229478e-11
1.886259	1.240126e-11
1.905122	1.250786e-11
1.924173	1.261504e-11
1.943415	1.272327e-11
1.962849	1.283300e-11
1.982477	1.294467e-11
2.002302	1.305871e-11
2.022325	1.317550e-11
2.042548	1.329536e-11
2.062974	1.341857e-11
2.083603	1.354535e-11
2.104439	1.367585e-11
2.125484	1.381012e-11
2.146739	1.394816e-11
2.168206	1.408988e-11
2.189888	1.423512e-11
2.211787	1.438362e-11
2.233905	1.453508e-11
2.256244	1.468914e-11
2.278806	1.484538e-11
2.301594	1.500338e-11
2.324610	1.516272e-11
2.347857	1.532297e-11
2.371335	1.548376e-11
2.395048	1.564480e-11
2.418999	1.580587e-11
2.443189	1.596683e-11
2.467621	1.612767e-11
2.492297	1.628848e-11
2.517220	1.644944e-11
2.542392	1.661083e-11
2.567816	1.677297e-11
2.593494	1.693626e-11
2.619429	1.710107e-11
2.645623	1.726777e-11
2.672080	1.743669e-11
2.698801	1.760810e-11
2.725789	1.778217e-11
2.753046	1.795899e-11
2.780577	1.813855e-11
2.808383	1.832075e-11
2.836466	1.850543e-11
2.864831	1.869238e-11
2.893479	1.888137e-11
2.922414	1.907216e-11
2.951638	1.926457e-11
2.981155	1.945845e-11
3.010966	1.965375e-11
3.041076	1.985048e-11
3.071487	2.004870e-11
3.102202	2.024855e-11
3.133224	2.045020e-11
3.164556	2.065382e-11
3.196201	2.085958e-11
3.228163	2.106759e-11
3.260445	2.127794e-11
3.293050	2.149066e-11
3.325980	2.170572e-11
3.359240	2.192309e-11
3.392832	2.214268e-11
3.426761	2.236445e-11
3.461028	2.258834e-11
3.495638	2.281436e-11
3.530595	2.304252e-11
3.565901	2.327286e-11
3.601560	2.350545e-11
3.637575	2.374036e-11
3.673951	2.397765e-11
3.710691	2.421737e-11
3.747798	2.445953e-11
3.785275	2.470416e-11
3.823128	2.495126e-11
3.861360	2.520082e-11
3.899973	2.545287e-11
3.938973	2.570741e-11
3.978363	2.596448e-11
4.018146	2.622410e-11
4.058328	2.648632e-11
4.098911	2.675117e-11
4.139900	2.701868e-11
4.181299	2.728887e-11
4.223112	2.756176e-11
4.265343	2.783739e-11
4.307997	2.811577e-11
4.351077	2.839692e-11
4.394587	2.868089e-11
4.438533	2.896770e-11
4.482919	2.925737e-11
4.527748	2.954995e-11
4.573025	2.984545e-11
4.618755	3.014390e-11
4.664943	3.044534e-11
4.711592	3.074979e-11
4.758708	3.105729e-11
4.806295	3.136786e-11
4.854358	3.168154e-11
4.902902	3.199836e-11
4.951931	3.231834e-11
5.001450	3.264153e-11
5.051465	3.296794e-11
5.101979	3.329762e-11
5.152999	3.363060e-11
5.204529	3.396690e-11
5.256575	3.430657e-11
5.309140	3.464964e-11
5.362232	3.499613e-11
5.415854	3.534609e-11
5.470013	3.569956e-11
5.524713	3.605655e-11
5.579960	3.641712e-11
5.635759	3.678129e-11
5.692117	3.714910e-11
5.749038	3.752059e-11
5.806529	3.789580e-11
5.864594	3.827476e-11
5.923240	3.865750e-11
5.982472	3.904408e-11
6.042297	3.943452e-11
6.102720	3.982886e-11
6.163747	4.022715e-11
6.225385	4.062942e-11
6.287638	4.103572e-11
6.350515	4.144608e-11
6.414020	4.186054e-11
6.478160	4.227914e-11
6.542942	4.270193e-11
6.608371	4.312895e-11
6.674455	4.356024e-11
6.741199	4.399584e-11
6.808611	4.443580e-11
6.876697	4.488016e-11
6.945464	4.532896e-11
7.014919	4.578225e-11
7.085068	4.624007e-11
7.155919	4.670248e-11
7.227478	4.716950e-11
7.299753	4.764120e-11
7.372750	4.811761e-11
7.446478	4.859878e-11
7.520943	4.908477e-11
7.596152	4.957562e-11
7.672114	5.007138e-11
7.748835	5.057209e-11
7.826323	5.107781e-11
7.904586	5.158859e-11
7.983632	5.210447e-11
8.063469	5.262552e-11
8.144103	5.315177e-11
8.225544	5.368329e-11
8.307800	5.422012e-11
8.390878	5.476233e-11
8.474787	5.530995e-11
8.559534	5.586305e-11
8.645130	5.642168e-11
8.731581	5.698590e-11
8.818897	5.755575e-11
8.907086	5.813131e-11
8.996157	5.871263e-11
9.086118	5.929975e-11
9.176979	5.989275e-11
9.268749	6.049168e-11
9.361437	6.109659e-11
9.455051	6.170756e-11
9.549602	6.232463e-11
9.645098	6.294788e-11
9.741549	6.357736e-11
9.838964	6.421313e-11
9.937354	6.485526e-11
10.036727	6.550382e-11
10.137095	6.615886e-11
10.238465	6.682044e-11
10.340850	6.748865e-11
10.444259	6.816354e-11
10.548701	6.884517e-11
10.654188	6.953362e-11
10.760730	7.022896e-11
10.868337	7.093125e-11
10.977021	7.164056e-11
11.086791	7.235697e-11
11.197659	7.308054e-11
11.309635	7.381134e-11
11.422732	7.454945e-11
11.536959	7.529495e-11
11.652329	7.604790e-11
11.768852	7.680838e-11
11.886541	7.757646e-11
12.005406	7.835223e-11
12.125460	7.913575e-11
12.246715	7.992711e-11
12.369182	8.072638e-11
12.492874	8.153364e-11
12.617802	8.234898e-11
12.743980	8.317247e-11
12.871420	8.400419e-11
13.000134	8.484423e-11
13.130136	8.569268e-11
13.261437	8.654960e-11
13.394051	8.741510e-11
13.527992	8.828925e-11
13.663272	8.917214e-11
13.799905	9.006386e-11
13.937904	9.096450e-11
14.077283	9.187415e-11
14.218055	9.279289e-11
14.360236	9.372082e-11
14.503838	9.465803e-11
14.648877	9.560461e-11
14.795366	9.656065e-11
14.943319	9.752626e-11
15.092752	9.850152e-11
15.243680	9.948654e-11
15.396117	1.004814e-10
15.550078	1.014862e-10
15.705579	1.025011e-10
15.862634	1.035261e-10
16.021261	1.045613e-10
16.181473	1.056070e-10
16.343288	1.066630e-10
16.506721	1.077297e-10
16.671788	1.088070e-10
16.838506	1.098950e-10
17.006891	1.109940e-10
17.176960	1.121039e-10
17.348730	1.132250e-10
17.522217	1.143572e-10
17.697439	1.155008e-10
17.874414	1.166558e-10
18.053158	1.178223e-10
18.233689	1.190006e-10
18.416026	1.201906e-10
18.600186	1.213925e-10
18.786188	1.226064e-10
18.974050	1.238325e-10
19.163791	1.250708e-10
19.355429	1.263215e-10
19.548983	1.275847e-10
19.744473	1.288606e-10
19.941917	1.301492e-10
20.141337	1.314507e-10
20.342750	1.327652e-10
20.546177	1.340928e-10
20.751639	1.354337e-10
20.959156	1.367881e-10
21.168747	1.381560e-10
21.380435	1.395375e-10
21.594239	1.409329e-10
21.810181	1.423422e-10
22.028283	1.437657e-10
22.248566	1.452033e-10
22.471052	1.466553e-10
22.695762	1.481219e-10
22.922720	1.496031e-10
23.151947	1.510991e-10
23.383467	1.526101e-10
23.617301	1.541362e-10
23.853474	1.556776e-10
24.092009	1.572344e-10
24.332929	1.588067e-10
24.576258	1.603948e-10
24.822021	1.619987e-10
25.070241	1.636187e-10
25.320944	1.652549e-10
25.574153	1.669075e-10
25.829894	1.685765e-10
26.088193	1.702623e-10
26.349075	1.719649e-10
26.612566	1.736846e-10
26.878692	1.754214e-10
27.147479	1.771756e-10
27.418953	1.789474e-10
27.693143	1.807369e-10
27.970074	1.825442e-10
28.249775	1.843697e-10
28.532273	1.862134e-10
28.817596	1.880755e-10
29.105772	1.899563e-10
29.396829	1.918558e-10
29.690798	1.937744e-10
29.987706	1.957121e-10
30.287583	1.976692e-10
30.590458	1.996459e-10
30.896363	2.016424e-10
31.205327	2.036588e-10
31.517380	2.056954e-10
31.832554	2.077524e-10
32.150879	2.098299e-10
32.472388	2.119282e-10
32.797112	2.140475e-10
33.125083	2.161879e-10
33.456334	2.183498e-10
33.790897	2.205333e-10
34.128806	2.227387e-10
34.470094	2.249660e-10
34.814795	2.272157e-10
35.162943	2.294879e-10
35.514573	2.317827e-10
35.869718	2.341006e-10
36.228416	2.364416e-10
36.590700	2.388060e-10
36.956607	2.411940e-10
37.326173	2.436060e-10
37.699435	2.460420e-10
38.076429	2.485025e-10
38.457193	2.509875e-10
38.841765	2.534974e-10
39.230183	2.560323e-10
39.622485	2.585927e-10
40.018709	2.611786e-10
40.418896	2.637904e-10
40.823085	2.664283e-10
41.231316	2.690926e-10
41.643629	2.717835e-10
42.060066	2.745013e-10
42.480666	2.772463e-10
42.905473	2.800188e-10
43.334528	2.828190e-10
43.767873	2.856472e-10
44.205552	2.885036e-10
44.647607	2.913887e-10
45.094083	2.943026e-10
45.545024	2.972456e-10
46.000474	3.002180e-10
46.460479	3.032202e-10
46.925084	3.062524e-10
47.394335	3.093150e-10
47.868278	3.124081e-10
48.346961	3.155322e-10
48.830431	3.186875e-10
49.318735	3.218744e-10
49.811922	3.250931e-10
50.310041	3.283441e-10
50.813142	3.316275e-10
51.321273	3.349438e-10
51.834486	3.382932e-10
52.352831	3.416761e-10
52.876359	3.450929e-10
53.405123	3.485438e-10
53.939174	3.520293e-10
54.478566	3.555496e-10
55.023351	3.591051e-10
55.573585	3.626961e-10
56.129321	3.663231e-10
56.690614	3.699863e-10
57.257520	3.736862e-10
57.830095	3.774230e-10
58.408396	3.811973e-10
58.992480	3.850092e-10
59.582405	3.888593e-10
60.178229	3.927479e-10
60.780011	3.966754e-10
61.387812	4.006422e-10
62.001690	4.046486e-10
62.621707	4.086951e-10
63.247924	4.127820e-10
63.880403	4.169098e-10
64.519207	4.210789e-10
65.164399	4.252897e-10
65.816043	4.295426e-10
66.474203	4.338380e-10
67.138945	4.381764e-10
67.810335	4.425582e-10
68.488438	4.469838e-10
69.173323	4.514536e-10
69.865056	4.559681e-10
70.563706	4.605278e-10
71.269343	4.651331e-10
71.982037	4.697844e-10
72.701857	4.744823e-10
73.428876	4.792271e-10
74.163165	4.840194e-10
74.904796	4.888596e-10
75.653844	4.937482e-10
76.410383	4.986856e-10
77.174486	5.036725e-10
77.946231	5.087092e-10
78.725694	5.137963e-10
79.512951	5.189343e-10
80.308080	5.241236e-10
81.111161	5.293649e-10
81.922272	5.346585e-10
82.741495	5.400051e-10
83.568910	5.454051e-10
84.404599	5.508592e-10
85.248645	5.563678e-10
86.101132	5.619315e-10
86.962143	5.675508e-10
87.831764	5.732263e-10
88.710082	5.789585e-10
89.597183	5.847481e-10
90.493155	5.905956e-10
91.398086	5.965016e-10
92.312067	6.024666e-10
93.235188	6.084912e-10
94.167540	6.145762e-10
95.109215	6.207219e-10
96.060307	6.269291e-10
97.020910	6.331984e-10
97.991119	6.395304e-10
98.971031	6.459257e-10
99.960741	6.523850e-10
