0.1 2.34971e-10
0.1005 2.34971e-10
0.101002 2.34971e-10
0.101508 2.34971e-10
0.102015 2.34971e-10
0.102525 2.34971e-10
0.103038 2.34971e-10
0.103553 2.34971e-10
0.104071 2.34971e-10
0.104591 2.34971e-10
0.105114 2.34959e-10
0.10564 2.34959e-10
0.106168 2.34959e-10
0.106699 2.34959e-10
0.107232 2.34959e-10
0.107768 2.34959e-10
0.108307 2.34959e-10
0.108849 2.34959e-10
0.109393 2.34959e-10
0.10994 2.34959e-10
0.11049 2.34959e-10
0.111042 2.34959e-10
0.111597 2.34959e-10
0.112155 2.34959e-10
0.112716 2.34959e-10
0.11328 2.34959e-10
0.113846 2.34959e-10
0.114415 2.34959e-10
0.114987 2.34959e-10
0.115562 2.34959e-10
0.11614 2.34959e-10
0.116721 2.34959e-10
0.117304 2.34959e-10
0.117891 2.34959e-10
0.11848 2.34959e-10
0.119073 2.34959e-10
0.119668 2.34959e-10
0.120266 2.34959e-10
0.120868 2.34959e-10
0.121472 2.34959e-10
0.122079 2.34959e-10
0.12269 2.34959e-10
0.123303 2.34959e-10
0.12392 2.34959e-10
0.124539 2.34959e-10
0.125162 2.34959e-10
0.125788 2.34959e-10
0.126417 2.34959e-10
0.127049 2.34959e-10
0.127684 2.34959e-10
0.128323 2.34959e-10
0.128964 2.34959e-10
0.129609 2.34959e-10
0.130257 2.34959e-10
0.130908 2.34959e-10
0.131563 2.34959e-10
0.132221 2.34959e-10
0.132882 2.34959e-10
0.133546 2.34959e-10
0.134214 2.34959e-10
0.134885 2.34959e-10
0.135559 2.34959e-10
0.136237 2.34959e-10
0.136918 2.34959e-10
0.137603 2.34959e-10
0.138291 2.34959e-10
0.138982 2.34947e-10
0.139677 2.34947e-10
0.140376 2.34947e-10
0.141078 2.34947e-10
0.141783 2.34947e-10
0.142492 2.34947e-10
0.143204 2.34947e-10
0.14392 2.34947e-10
0.14464 2.34947e-10
0.145363 2.34947e-10
0.14609 2.34947e-10
0.146821 2.34947e-10
0.147555 2.34947e-10
0.148292 2.34947e-10
0.149034 2.34947e-10
0.149779 2.34947e-10
0.150528 2.34947e-10
0.151281 2.34947e-10
0.152037 2.34947e-10
0.152797 2.34947e-10
0.153561 2.34947e-10
0.154329 2.34947e-10
0.155101 2.34947e-10
0.155876 2.34947e-10
0.156655 2.34947e-10
0.157439 2.34947e-10
0.158226 2.34947e-10
0.159017 2.34947e-10
0.159812 2.34947e-10
0.160611 2.34947e-10
0.161414 2.34947e-10
0.162221 2.34947e-10
0.163032 2.34947e-10
0.163848 2.34947e-10
0.164667 2.34947e-10
0.16549 2.34935e-10
0.166318 2.34935e-10
0.167149 2.34935e-10
0.167985 2.34935e-10
0.168825 2.34935e-10
0.169669 2.34935e-10
0.170517 2.34935e-10
0.17137 2.34935e-10
0.172227 2.34935e-10
0.173088 2.34935e-10
0.173953 2.34935e-10
0.174823 2.34935e-10
0.175697 2.34935e-10
0.176576 2.34935e-10
0.177459 2.34935e-10
0.178346 2.34935e-10
0.179238 2.34935e-10
0.180134 2.34935e-10
0.181035 2.34935e-10
0.18194 2.34935e-10
0.182849 2.34935e-10
0.183764 2.34935e-10
0.184682 2.34935e-10
0.185606 2.34935e-10
0.186534 2.34935e-10
0.187467 2.34935e-10
0.188404 2.34924e-10
0.189346 2.34924e-10
0.190293 2.34924e-10
0.191244 2.34924e-10
0.1922 2.34924e-10
0.193161 2.34924e-10
0.194127 2.34924e-10
0.195098 2.34924e-10
0.196073 2.34924e-10
0.197054 2.34924e-10
0.198039 2.34924e-10
0.199029 2.34924e-10
0.200024 2.34924e-10
0.201024 2.34924e-10
0.202029 2.34924e-10
0.20304 2.34924e-10
0.204055 2.34924e-10
0.205075 2.34924e-10
0.2061 2.34924e-10
0.207131 2.34924e-10
0.208167 2.34924e-10
0.209207 2.34912e-10
0.210253 2.34912e-10
0.211305 2.34912e-10
0.212361 2.34912e-10
0.213423 2.34912e-10
0.21449 2.34912e-10
0.215563 2.34912e-10
0.21664 2.34912e-10
0.217724 2.34912e-10
0.218812 2.34912e-10
0.219906 2.34912e-10
0.221006 2.34912e-10
0.222111 2.34912e-10
0.223221 2.34912e-10
0.224338 2.34912e-10
0.225459 2.34912e-10
0.226587 2.34912e-10
0.227719 2.349e-10
0.228858 2.349e-10
0.230002 2.349e-10
0.231152 2.349e-10
0.232308 2.349e-10
0.23347 2.349e-10
0.234637 2.349e-10
0.23581 2.349e-10
0.236989 2.349e-10
0.238174 2.349e-10
0.239365 2.349e-10
0.240562 2.349e-10
0.241765 2.349e-10
0.242974 2.349e-10
0.244188 2.349e-10
0.245409 2.34888e-10
0.246636 2.34888e-10
0.24787 2.34888e-10
0.249109 2.34888e-10
0.250354 2.34888e-10
0.251606 2.34888e-10
0.252864 2.34888e-10
0.254129 2.34888e-10
0.255399 2.34888e-10
0.256676 2.34888e-10
0.25796 2.34888e-10
0.259249 2.34888e-10
0.260546 2.34888e-10
0.261848 2.34877e-10
0.263158 2.34877e-10
0.264473 2.34877e-10
0.265796 2.34877e-10
0.267125 2.34877e-10
0.26846 2.34877e-10
0.269803 2.34877e-10
0.271152 2.34877e-10
0.272507 2.34877e-10
0.27387 2.34877e-10
0.275239 2.34877e-10
0.276616 2.34865e-10
0.277999 2.34865e-10
0.279389 2.34865e-10
0.280786 2.34865e-10
0.282189 2.34865e-10
0.2836 2.34865e-10
0.285018 2.34865e-10
0.286444 2.34865e-10
0.287876 2.34865e-10
0.289315 2.34865e-10
0.290762 2.34853e-10
0.292216 2.34853e-10
0.293677 2.34853e-10
0.295145 2.34853e-10
0.296621 2.34853e-10
0.298104 2.34853e-10
0.299594 2.34853e-10
0.301092 2.34853e-10
0.302598 2.34853e-10
0.304111 2.34853e-10
0.305631 2.34841e-10
0.307159 2.34841e-10
0.308695 2.34841e-10
0.310239 2.34841e-10
0.31179 2.34841e-10
0.313349 2.34841e-10
0.314916 2.34841e-10
0.31649 2.34841e-10
0.318073 2.3483e-10
0.319663 2.3483e-10
0.321261 2.3483e-10
0.322868 2.3483e-10
0.324482 2.3483e-10
0.326104 2.3483e-10
0.327735 2.3483e-10
0.329374 2.3483e-10
0.33102 2.34818e-10
0.332676 2.34818e-10
0.334339 2.34818e-10
0.336011 2.34818e-10
0.337691 2.34818e-10
0.339379 2.34818e-10
0.341076 2.34818e-10
0.342781 2.34806e-10
0.344495 2.34806e-10
0.346218 2.34806e-10
0.347949 2.34806e-10
0.349689 2.34806e-10
0.351437 2.34806e-10
0.353194 2.34806e-10
0.35496 2.34795e-10
0.356735 2.34795e-10
0.358519 2.34795e-10
0.360311 2.34795e-10
0.362113 2.34795e-10
0.363923 2.34795e-10
0.365743 2.34783e-10
0.367572 2.34783e-10
0.36941 2.34783e-10
0.371257 2.34783e-10
0.373113 2.34783e-10
0.374978 2.34783e-10
0.376853 2.34771e-10
0.378738 2.34771e-10
0.380631 2.34771e-10
0.382535 2.34771e-10
0.384447 2.34771e-10
0.386369 2.34771e-10
0.388301 2.34759e-10
0.390243 2.34759e-10
0.392194 2.34759e-10
0.394155 2.34759e-10
0.396126 2.34759e-10
0.398106 2.34748e-10
0.400097 2.34748e-10
0.402097 2.34748e-10
0.404108 2.34748e-10
0.406128 2.34748e-10
0.408159 2.34736e-10
0.4102 2.34736e-10
0.412251 2.34736e-10
0.414312 2.34736e-10
0.416384 2.34736e-10
0.418466 2.34724e-10
0.420558 2.34724e-10
0.422661 2.34724e-10
0.424774 2.34724e-10
0.426898 2.34712e-10
0.429032 2.34712e-10
0.431178 2.34712e-10
0.433333 2.34712e-10
0.4355 2.34712e-10
0.437678 2.34701e-10
0.439866 2.34701e-10
0.442065 2.34701e-10
0.444276 2.34701e-10
0.446497 2.34689e-10
0.448729 2.34689e-10
0.450973 2.34689e-10
0.453228 2.34689e-10
0.455494 2.34677e-10
0.457772 2.34677e-10
0.46006 2.34677e-10
0.462361 2.34677e-10
0.464673 2.34665e-10
0.466996 2.34665e-10
0.469331 2.34665e-10
0.471678 2.34665e-10
0.474036 2.34654e-10
0.476406 2.34654e-10
0.478788 2.34654e-10
0.481182 2.34642e-10
0.483588 2.34642e-10
0.486006 2.34642e-10
0.488436 2.34642e-10
0.490878 2.3463e-10
0.493333 2.3463e-10
0.495799 2.3463e-10
0.498278 2.34619e-10
0.50077 2.34619e-10
0.503273 2.34619e-10
0.50579 2.34607e-10
0.508319 2.34607e-10
0.51086 2.34607e-10
0.513415 2.34595e-10
0.515982 2.34595e-10
0.518562 2.34595e-10
0.521154 2.34595e-10
0.52376 2.34583e-10
0.526379 2.34583e-10
0.529011 2.34572e-10
0.531656 2.34572e-10
0.534314 2.34572e-10
0.536986 2.3456e-10
0.539671 2.3456e-10
0.542369 2.3456e-10
0.545081 2.34548e-10
0.547806 2.34548e-10
0.550545 2.34548e-10
0.553298 2.34536e-10
0.556065 2.34536e-10
0.558845 2.34525e-10
0.561639 2.34525e-10
0.564447 2.34525e-10
0.56727 2.34513e-10
0.570106 2.34513e-10
0.572956 2.34513e-10
0.575821 2.34501e-10
0.5787 2.34501e-10
0.581594 2.3449e-10
0.584502 2.3449e-10
0.587424 2.34478e-10
0.590361 2.34478e-10
0.593313 2.34478e-10
0.59628 2.34466e-10
0.599261 2.34466e-10
0.602258 2.34454e-10
0.605269 2.34454e-10
0.608295 2.34443e-10
0.611337 2.34443e-10
0.614393 2.34431e-10
0.617465 2.34431e-10
0.620553 2.34431e-10
0.623655 2.34419e-10
0.626774 2.34419e-10
0.629908 2.34407e-10
0.633057 2.34407e-10
0.636222 2.34396e-10
0.639403 2.34396e-10
0.6426 2.34384e-10
0.645813 2.34384e-10
0.649043 2.34372e-10
0.652288 2.34372e-10
0.655549 2.34361e-10
0.658827 2.34361e-10
0.662121 2.34349e-10
0.665432 2.34337e-10
0.668759 2.34337e-10
0.672103 2.34325e-10
0.675463 2.34325e-10
0.67884 2.34314e-10
0.682235 2.34314e-10
0.685646 2.34302e-10
0.689074 2.3429e-10
0.692519 2.3429e-10
0.695982 2.34279e-10
0.699462 2.34279e-10
0.702959 2.34267e-10
0.706474 2.34255e-10
0.710006 2.34255e-10
0.713556 2.34243e-10
0.717124 2.34243e-10
0.72071 2.34232e-10
0.724313 2.3422e-10
0.727935 2.3422e-10
0.731575 2.34208e-10
0.735233 2.34197e-10
0.738909 2.34197e-10
0.742603 2.34185e-10
0.746316 2.34173e-10
0.750048 2.34173e-10
0.753798 2.34161e-10
0.757567 2.3415e-10
0.761355 2.3415e-10
0.765162 2.34138e-10
0.768987 2.34126e-10
0.772832 2.34115e-10
0.776697 2.34115e-10
0.78058 2.34103e-10
0.784483 2.34091e-10
0.788405 2.3408e-10
0.792347 2.3408e-10
0.796309 2.34068e-10
0.800291 2.34056e-10
0.804292 2.34044e-10
0.808314 2.34033e-10
0.812355 2.34033e-10
0.816417 2.34021e-10
0.820499 2.34009e-10
0.824602 2.33998e-10
0.828725 2.33986e-10
0.832868 2.33974e-10
0.837032 2.33974e-10
0.841218 2.33963e-10
0.845424 2.33951e-10
0.849651 2.33939e-10
0.853899 2.33927e-10
0.858169 2.33916e-10
0.862459 2.33904e-10
0.866772 2.33892e-10
0.871106 2.3388e-10
0.875461 2.33869e-10
0.879838 2.33869e-10
0.884238 2.33857e-10
0.888659 2.33845e-10
0.893102 2.33834e-10
0.897568 2.33822e-10
0.902055 2.3381e-10
0.906566 2.33799e-10
0.911099 2.33787e-10
0.915654 2.33775e-10
0.920232 2.33764e-10
0.924833 2.3374e-10
0.929458 2.33728e-10
0.934105 2.33717e-10
0.938775 2.33705e-10
0.943469 2.33693e-10
0.948187 2.33682e-10
0.952928 2.3367e-10
0.957692 2.33658e-10
0.962481 2.33647e-10
0.967293 2.33635e-10
0.97213 2.33612e-10
0.97699 2.336e-10
0.981875 2.33588e-10
0.986785 2.33577e-10
0.991718 2.33565e-10
0.996677 2.33542e-10
1.00166 2.3353e-10
1.00667 2.33518e-10
1.0117 2.33507e-10
1.01676 2.33483e-10
1.02184 2.33472e-10
1.02695 2.3346e-10
1.03209 2.33437e-10
1.03725 2.33425e-10
1.04244 2.33413e-10
1.04765 2.3339e-10
1.05289 2.33378e-10
1.05815 2.33367e-10
1.06344 2.33343e-10
1.06876 2.33332e-10
1.0741 2.33308e-10
1.07947 2.33297e-10
1.08487 2.33285e-10
1.09029 2.33262e-10
1.09575 2.3325e-10
1.10122 2.33227e-10
1.10673 2.33215e-10
1.11226 2.33192e-10
1.11783 2.3318e-10
1.12341 2.33157e-10
1.12903 2.33133e-10
1.13468 2.33122e-10
1.14035 2.33098e-10
1.14605 2.33087e-10
1.15178 2.33063e-10
1.15754 2.3304e-10
1.16333 2.33028e-10
1.16915 2.33005e-10
1.17499 2.32982e-10
1.18087 2.32959e-10
1.18677 2.32947e-10
1.1927 2.32924e-10
1.19867 2.329e-10
1.20466 2.32877e-10
1.21068 2.32865e-10
1.21674 2.32842e-10
1.22282 2.32819e-10
1.22894 2.32796e-10
1.23508 2.32772e-10
1.24126 2.32749e-10
1.24746 2.32725e-10
1.2537 2.32702e-10
1.25997 2.32679e-10
1.26627 2.32656e-10
1.2726 2.32632e-10
1.27896 2.32609e-10
1.28536 2.32586e-10
1.29178 2.32563e-10
1.29824 2.32539e-10
1.30473 2.32516e-10
1.31126 2.32493e-10
1.31781 2.3247e-10
1.3244 2.32446e-10
1.33102 2.32411e-10
1.33768 2.32388e-10
1.34437 2.32365e-10
1.35109 2.32342e-10
1.35785 2.32307e-10
1.36463 2.32284e-10
1.37146 2.3226e-10
1.37832 2.32226e-10
1.38521 2.32202e-10
1.39213 2.32168e-10
1.39909 2.32144e-10
1.40609 2.32121e-10
1.41312 2.32086e-10
1.42018 2.32063e-10
1.42729 2.32028e-10
1.43442 2.31994e-10
1.44159 2.3197e-10
1.4488 2.31936e-10
1.45605 2.31912e-10
1.46333 2.31878e-10
1.47064 2.31843e-10
1.478 2.31808e-10
1.48539 2.31785e-10
1.49281 2.3175e-10
1.50028 2.31715e-10
1.50778 2.31681e-10
1.51532 2.31646e-10
1.52289 2.31611e-10
1.53051 2.31588e-10
1.53816 2.31553e-10
1.54585 2.31518e-10
1.55358 2.31484e-10
1.56135 2.31449e-10
1.56916 2.31403e-10
1.577 2.31368e-10
1.58489 2.31333e-10
1.59281 2.31298e-10
1.60078 2.31264e-10
1.60878 2.31229e-10
1.61682 2.31183e-10
1.62491 2.31148e-10
1.63303 2.31113e-10
1.6412 2.31067e-10
1.6494 2.31033e-10
1.65765 2.30986e-10
1.66594 2.30952e-10
1.67427 2.30906e-10
1.68264 2.30871e-10
1.69105 2.30825e-10
1.69951 2.30779e-10
1.70801 2.30744e-10
1.71655 2.30698e-10
1.72513 2.30652e-10
1.73375 2.30606e-10
1.74242 2.30571e-10
1.75113 2.30525e-10
1.75989 2.30479e-10
1.76869 2.30433e-10
1.77753 2.30386e-10
1.78642 2.3034e-10
1.79535 2.30294e-10
1.80433 2.30248e-10
1.81335 2.30202e-10
1.82242 2.30145e-10
1.83153 2.30099e-10
1.84069 2.30053e-10
1.84989 2.29995e-10
1.85914 2.29949e-10
1.86844 2.29903e-10
1.87778 2.29846e-10
1.88717 2.298e-10
1.8966 2.29742e-10
1.90609 2.29685e-10
1.91562 2.29639e-10
1.92519 2.29582e-10
1.93482 2.29524e-10
1.94449 2.29467e-10
1.95422 2.29409e-10
1.96399 2.29364e-10
1.97381 2.29306e-10
1.98368 2.29243e-10
1.9936 2.29186e-10
2.00356 2.29129e-10
2.01358 2.29071e-10
2.02365 2.29003e-10
2.03377 2.28945e-10
2.04394 2.28888e-10
2.05416 2.28819e-10
2.06443 2.28762e-10
2.07475 2.28694e-10
2.08512 2.28636e-10
2.09555 2.28568e-10
2.10603 2.28499e-10
2.11656 2.28442e-10
2.12714 2.28374e-10
2.13777 2.28305e-10
2.14846 2.28237e-10
2.15921 2.28168e-10
2.17 2.281e-10
2.18085 2.28031e-10
2.19176 2.27963e-10
2.20271 2.27883e-10
2.21373 2.27815e-10
2.2248 2.27746e-10
2.23592 2.27667e-10
2.2471 2.27598e-10
2.25834 2.27519e-10
2.26963 2.27439e-10
2.28098 2.2736e-10
2.29238 2.27291e-10
2.30384 2.27212e-10
2.31536 2.27132e-10
2.32694 2.27053e-10
2.33857 2.26973e-10
2.35027 2.26883e-10
2.36202 2.26803e-10
2.37383 2.26724e-10
2.3857 2.26633e-10
2.39763 2.26554e-10
2.40961 2.26463e-10
2.42166 2.26372e-10
2.43377 2.26293e-10
2.44594 2.26203e-10
2.45817 2.26112e-10
2.47046 2.26022e-10
2.48281 2.25932e-10
2.49523 2.25841e-10
2.5077 2.2574e-10
2.52024 2.25649e-10
2.53284 2.25548e-10
2.54551 2.25457e-10
2.55823 2.25356e-10
2.57102 2.25266e-10
2.58388 2.25164e-10
2.5968 2.25063e-10
2.60978 2.24962e-10
2.62283 2.24861e-10
2.63595 2.24748e-10
2.64913 2.24647e-10
2.66237 2.24546e-10
2.67568 2.24434e-10
2.68906 2.24322e-10
2.70251 2.24221e-10
2.71602 2.24109e-10
2.7296 2.23997e-10
2.74325 2.23885e-10
2.75696 2.23761e-10
2.77075 2.2365e-10
2.7846 2.23538e-10
2.79853 2.23415e-10
2.81252 2.23303e-10
2.82658 2.2318e-10
2.84071 2.23058e-10
2.85492 2.22935e-10
2.86919 2.22812e-10
2.88354 2.2269e-10
2.89796 2.22556e-10
2.91245 2.22434e-10
2.92701 2.223e-10
2.94164 2.22167e-10
2.95635 2.22034e-10
2.97113 2.21901e-10
2.98599 2.21767e-10
3.00092 2.21634e-10
3.01592 2.2149e-10
3.031 2.21358e-10
3.04616 2.21214e-10
3.06139 2.2107e-10
3.07669 2.20926e-10
3.09208 2.20783e-10
3.10754 2.20639e-10
3.12308 2.20485e-10
3.13869 2.20342e-10
3.15439 2.20187e-10
3.17016 2.20033e-10
3.18601 2.19879e-10
3.20194 2.19725e-10
3.21795 2.19561e-10
3.23404 2.19407e-10
3.25021 2.19242e-10
3.26646 2.19073e-10
3.28279 2.18908e-10
3.2992 2.18744e-10
3.3157 2.1858e-10
3.33228 2.18405e-10
3.34894 2.18231e-10
3.36569 2.18056e-10
3.38251 2.17882e-10
3.39943 2.17707e-10
3.41642 2.17522e-10
3.43351 2.17338e-10
3.45067 2.17153e-10
3.46793 2.16969e-10
3.48527 2.16784e-10
3.50269 2.16589e-10
3.52021 2.16405e-10
3.53781 2.1621e-10
3.5555 2.16005e-10
3.57327 2.15811e-10
3.59114 2.15606e-10
3.6091 2.15412e-10
3.62714 2.15207e-10
3.64528 2.14992e-10
3.6635 2.14788e-10
3.68182 2.14573e-10
3.70023 2.14359e-10
3.71873 2.14144e-10
3.73732 2.1392e-10
3.75601 2.13706e-10
3.77479 2.13481e-10
3.79367 2.13247e-10
3.81263 2.13023e-10
3.8317 2.12789e-10
3.85086 2.12555e-10
3.87011 2.12321e-10
3.88946 2.12077e-10
3.90891 2.11833e-10
3.92845 2.1159e-10
3.94809 2.11346e-10
3.96783 2.11093e-10
3.98767 2.1084e-10
4.00761 2.10587e-10
4.02765 2.10324e-10
4.04779 2.10061e-10
4.06803 2.09798e-10
4.08837 2.09536e-10
4.10881 2.09259e-10
4.12935 2.08987e-10
4.15 2.08705e-10
4.17075 2.08434e-10
4.1916 2.08142e-10
4.21256 2.07861e-10
4.23362 2.07571e-10
4.25479 2.0728e-10
4.27607 2.0698e-10
4.29745 2.0668e-10
4.31893 2.0638e-10
4.34053 2.06071e-10
4.36223 2.05762e-10
4.38404 2.05443e-10
4.40596 2.05125e-10
4.42799 2.04807e-10
4.45013 2.0448e-10
4.47238 2.04153e-10
4.49475 2.03816e-10
4.51722 2.0348e-10
4.53981 2.03145e-10
4.5625 2.028e-10
4.58532 2.02455e-10
4.60824 2.02101e-10
4.63128 2.01738e-10
4.65444 2.01375e-10
4.67771 2.01013e-10
4.7011 2.00641e-10
4.72461 2.0027e-10
4.74823 1.99892e-10
4.77197 1.99512e-10
4.79583 1.99124e-10
4.81981 1.98726e-10
4.84391 1.98328e-10
4.86813 1.97932e-10
4.89247 1.97527e-10
4.91693 1.97112e-10
4.94152 1.96699e-10
4.96622 1.96276e-10
4.99106 1.95845e-10
5.01601 1.95414e-10
5.04109 1.94975e-10
5.0663 1.94537e-10
5.09163 1.9409e-10
5.11709 1.93634e-10
5.14267 1.9317e-10
5.16838 1.92712e-10
5.19423 1.9224e-10
5.2202 1.9176e-10
5.2463 1.91281e-10
5.27253 1.90794e-10
5.29889 1.90299e-10
5.32539 1.89795e-10
5.35201 1.89283e-10
5.37877 1.88773e-10
5.40567 1.88254e-10
5.4327 1.87728e-10
5.45986 1.87194e-10
5.48716 1.86651e-10
5.5146 1.86102e-10
5.54217 1.85544e-10
5.56988 1.84979e-10
5.59773 1.84415e-10
5.62572 1.8384e-10
5.65385 1.83253e-10
5.68212 1.82658e-10
5.71053 1.82056e-10
5.73908 1.81447e-10
5.76777 1.80831e-10
5.79661 1.80208e-10
5.8256 1.7957e-10
5.85472 1.78933e-10
5.884 1.78281e-10
5.91342 1.77623e-10
5.94298 1.76949e-10
5.9727 1.76269e-10
6.00256 1.75587e-10
6.03258 1.74886e-10
6.06274 1.74179e-10
6.09305 1.73458e-10
6.12352 1.72731e-10
6.15413 1.71998e-10
6.18491 1.71243e-10
6.21583 1.70482e-10
6.24691 1.69717e-10
6.27814 1.68929e-10
6.30953 1.68139e-10
6.34108 1.67333e-10
6.37279 1.66515e-10
6.40465 1.65685e-10
6.43667 1.64842e-10
6.46886 1.63987e-10
6.5012 1.6312e-10
6.53371 1.62241e-10
6.56638 1.61347e-10
6.59921 1.6043e-10
6.6322 1.5951e-10
6.66537 1.58572e-10
6.69869 1.57615e-10
6.73219 1.56649e-10
6.76585 1.55665e-10
6.79968 1.5466e-10
6.83367 1.53643e-10
6.86784 1.52609e-10
6.90218 1.51552e-10
6.93669 1.50487e-10
6.97138 1.49392e-10
7.00623 1.48283e-10
7.04126 1.47157e-10
7.07647 1.46006e-10
7.11185 1.44835e-10
7.14741 1.43645e-10
7.18315 1.42436e-10
7.21907 1.41197e-10
7.25516 1.39938e-10
7.29144 1.38657e-10
7.32789 1.37345e-10
7.36453 1.36009e-10
7.40136 1.34649e-10
7.43836 1.33256e-10
7.47555 1.31837e-10
7.51293 1.30388e-10
7.5505 1.28901e-10
7.58825 1.27388e-10
7.62619 1.25837e-10
7.66432 1.24252e-10
7.70264 1.22635e-10
7.74116 1.20972e-10
7.77986 1.19266e-10
7.81876 1.17521e-10
7.85786 1.15724e-10
7.89714 1.13885e-10
7.93663 1.11987e-10
7.97631 1.10039e-10
8.0162 1.08029e-10
8.05628 1.05954e-10
8.09656 1.03806e-10
8.13704 1.01583e-10
8.17773 9.92684e-11
8.21861 9.68559e-11
8.25971 9.4325e-11
8.30101 9.16493e-11
8.34251 8.87936e-11
8.38422 8.56942e-11
8.42614 8.22356e-11
8.46828 7.81834e-11
8.51062 7.30504e-11
8.55317 6.5866e-11
8.59594 5.66894e-11
8.63892 5.4656e-11
8.68211 6.00249e-11
8.72552 6.07467e-11
8.76915 5.826e-11
8.81299 5.44241e-11
8.85706 4.97684e-11
8.90134 4.42395e-11
8.94585 3.72101e-11
8.99058 2.68619e-11
9.03553 2.59204e-11
9.08071 3.44585e-11
9.12611 4.09496e-11
9.17174 4.64603e-11
9.2176 5.15332e-11
9.26369 5.63165e-11
9.31001 6.08744e-11
9.35656 6.52333e-11
9.40334 6.9415e-11
9.45036 7.34424e-11
9.49761 7.733e-11
9.5451 8.10923e-11
9.59282 8.47397e-11
9.64079 8.828e-11
9.68899 9.17318e-11
9.73744 9.5097e-11
9.78612 9.83839e-11
9.83506 1.01603e-10
9.88423 1.04758e-10
9.93365 1.07857e-10
9.98332 1.10895e-10
10.0332 1.1389e-10
10.0834 1.16835e-10
10.1338 1.19738e-10
10.1845 1.22604e-10
10.2354 1.25429e-10
10.2866 1.28226e-10
10.338 1.3099e-10
10.3897 1.33723e-10
10.4417 1.36428e-10
10.4939 1.39101e-10
10.5463 1.41761e-10
10.5991 1.44394e-10
10.6521 1.47002e-10
10.7053 1.49594e-10
10.7589 1.52167e-10
10.8126 1.54722e-10
10.8667 1.57269e-10
10.921 1.5979e-10
10.9756 1.62298e-10
11.0305 1.64792e-10
11.0857 1.67283e-10
11.1411 1.69751e-10
11.1968 1.72213e-10
11.2528 1.74668e-10
11.3091 1.77108e-10
11.3656 1.79534e-10
11.4224 1.81956e-10
11.4795 1.84379e-10
11.5369 1.86782e-10
11.5946 1.89179e-10
11.6526 1.91578e-10
11.7109 1.93964e-10
11.7694 1.96345e-10
11.8283 1.98726e-10
11.8874 2.01103e-10
11.9468 2.0347e-10
12.0066 2.05834e-10
12.0666 2.08194e-10
12.1269 2.10555e-10
12.1876 2.12916e-10
12.2485 2.15261e-10
12.3098 2.1762e-10
12.3713 2.19967e-10
12.4332 2.22311e-10
12.4953 2.24658e-10
12.5578 2.27007e-10
12.6206 2.29352e-10
12.6837 2.31692e-10
12.7471 2.34033e-10
12.8109 2.36373e-10
12.8749 2.38723e-10
12.9393 2.41062e-10
13.004 2.43412e-10
13.069 2.45761e-10
13.1343 2.48107e-10
13.2 2.50444e-10
13.266 2.52797e-10
13.3323 2.55146e-10
13.399 2.57505e-10
13.466 2.59859e-10
13.5333 2.62215e-10
13.601 2.64573e-10
13.669 2.66925e-10
13.7373 2.69298e-10
13.806 2.71665e-10
13.8751 2.74032e-10
13.9444 2.76399e-10
14.0142 2.78787e-10
14.0842 2.81167e-10
14.1547 2.83551e-10
14.2254 2.85929e-10
14.2966 2.88326e-10
14.368 2.90715e-10
14.4399 2.93109e-10
14.5121 2.95523e-10
14.5846 2.97934e-10
14.6576 3.00342e-10
14.7309 3.02755e-10
14.8045 3.05172e-10
14.8785 3.07608e-10
14.9529 3.1004e-10
15.0277 3.12468e-10
15.1028 3.14915e-10
15.1783 3.17365e-10
15.2542 3.19819e-10
15.3305 3.22275e-10
15.4072 3.24742e-10
15.4842 3.27204e-10
15.5616 3.29684e-10
15.6394 3.32166e-10
15.7176 3.3465e-10
15.7962 3.3715e-10
15.8752 3.39654e-10
15.9546 3.4216e-10
16.0343 3.44685e-10
16.1145 3.47193e-10
16.1951 3.4972e-10
16.2761 3.52256e-10
16.3574 3.54802e-10
16.4392 3.57348e-10
16.5214 3.59912e-10
16.604 3.62477e-10
16.687 3.65042e-10
16.7705 3.67625e-10
16.8543 3.70217e-10
16.9386 3.72799e-10
17.0233 3.75399e-10
17.1084 3.78018e-10
17.194 3.80635e-10
17.2799 3.83252e-10
17.3663 3.85896e-10
17.4532 3.8853e-10
17.5404 3.91181e-10
17.6281 3.93851e-10
17.7163 3.96518e-10
17.8048 3.99184e-10
17.8939 4.01864e-10
17.9833 4.04566e-10
18.0733 4.07266e-10
18.1636 4.09983e-10
18.2544 4.12699e-10
18.3457 4.15432e-10
18.4374 4.18162e-10
18.5296 4.20921e-10
18.6223 4.23687e-10
18.7154 4.26451e-10
18.809 4.29232e-10
18.903 4.3201e-10
18.9975 4.34806e-10
19.0925 4.37619e-10
19.188 4.40441e-10
19.2839 4.43269e-10
19.3803 4.46093e-10
19.4772 4.48935e-10
19.5746 4.51795e-10
19.6725 4.54674e-10
19.7709 4.57547e-10
19.8697 4.60427e-10
19.9691 4.63338e-10
20.0689 4.66243e-10
20.1692 4.69167e-10
20.2701 4.72108e-10
20.3714 4.75045e-10
20.4733 4.77995e-10
20.5757 4.80969e-10
20.6785 4.83936e-10
20.7819 4.86922e-10
20.8858 4.89926e-10
20.9903 4.92949e-10
21.0952 4.95966e-10
21.2007 4.98988e-10
21.3067 5.02041e-10
21.4132 5.05113e-10
21.5203 5.08179e-10
21.6279 5.11263e-10
21.7361 5.1434e-10
21.8447 5.17462e-10
21.954 5.20577e-10
22.0637 5.23697e-10
22.174 5.26849e-10
22.2849 5.3002e-10
22.3963 5.33183e-10
22.5083 5.36365e-10
22.6209 5.39567e-10
22.734 5.4276e-10
22.8476 5.45985e-10
22.9619 5.49217e-10
23.0767 5.52467e-10
23.1921 5.55736e-10
23.308 5.58997e-10
23.4246 5.62278e-10
23.5417 5.65577e-10
23.6594 5.68891e-10
23.7777 5.72229e-10
23.8966 5.75587e-10
24.0161 5.78935e-10
24.1361 5.82303e-10
24.2568 5.85691e-10
24.3781 5.89069e-10
24.5 5.92481e-10
24.6225 5.95928e-10
24.7456 5.99364e-10
24.8693 6.02821e-10
24.9937 6.06297e-10
25.1187 6.09764e-10
25.2443 6.13281e-10
25.3705 6.16787e-10
25.4973 6.20328e-10
25.6248 6.23875e-10
25.7529 6.27441e-10
25.8817 6.30997e-10
26.0111 6.34604e-10
26.1412 6.382e-10
26.2719 6.41817e-10
26.4032 6.45454e-10
26.5352 6.49128e-10
26.6679 6.52773e-10
26.8013 6.56472e-10
26.9353 6.60159e-10
27.0699 6.639e-10
27.2053 6.67629e-10
27.3413 6.71378e-10
27.478 6.75143e-10
27.6154 6.78935e-10
27.7535 6.82714e-10
27.8923 6.86549e-10
28.0317 6.9037e-10
28.1719 6.94213e-10
28.3127 6.98077e-10
28.4543 7.01962e-10
28.5966 7.05887e-10
28.7396 7.09816e-10
28.8833 7.13731e-10
29.0277 7.17704e-10
29.1728 7.21662e-10
29.3187 7.25644e-10
29.4653 7.29646e-10
29.6126 7.33671e-10
29.7607 7.37736e-10
29.9095 7.41805e-10
30.059 7.45859e-10
30.2093 7.49973e-10
30.3603 7.54072e-10
30.5122 7.58231e-10
30.6647 7.62376e-10
30.818 7.66542e-10
30.9721 7.70733e-10
31.127 7.74963e-10
31.2826 7.792e-10
31.439 7.83419e-10
31.5962 7.87701e-10
31.7542 7.92006e-10
31.913 7.96295e-10
32.0725 8.0064e-10
32.2329 8.04976e-10
32.3941 8.09335e-10
32.556 8.13718e-10
32.7188 8.18124e-10
32.8824 8.22554e-10
33.0468 8.27009e-10
33.2121 8.31487e-10
33.3781 8.35948e-10
33.545 8.40454e-10
33.7127 8.45005e-10
33.8813 8.49538e-10
34.0507 8.5414e-10
34.221 8.58722e-10
34.3921 8.63329e-10
34.564 8.67961e-10
34.7369 8.72617e-10
34.9105 8.77321e-10
35.0851 8.81983e-10
35.2605 8.86715e-10
35.4368 8.91472e-10
35.614 8.96255e-10
35.7921 9.01018e-10
35.971 9.05852e-10
36.1509 9.10666e-10
36.3316 9.15506e-10
36.5133 9.20395e-10
36.6959 9.25286e-10
36.8793 9.30204e-10
37.0637 9.35194e-10
37.2491 9.40165e-10
37.4353 9.45115e-10
37.6225 9.50138e-10
37.8106 9.55178e-10
37.9996 9.60255e-10
38.1896 9.65358e-10
38.3806 9.70442e-10
38.5725 9.75599e-10
38.7654 9.80735e-10
38.9592 9.85947e-10
39.154 9.91138e-10
39.3498 9.9638e-10
39.5465 1.00163e-09
39.7442 1.00695e-09
39.943 1.01225e-09
40.1427 1.01758e-09
40.3434 1.02294e-09
40.5451 1.02832e-09
40.7478 1.03373e-09
40.9516 1.03918e-09
41.1563 1.04462e-09
41.3621 1.05012e-09
41.5689 1.0556e-09
41.7768 1.06115e-09
41.9856 1.06674e-09
42.1956 1.0723e-09
42.4065 1.07795e-09
42.6186 1.08357e-09
42.8317 1.08922e-09
43.0458 1.09492e-09
43.2611 1.10069e-09
43.4774 1.10643e-09
43.6948 1.1122e-09
43.9132 1.11799e-09
44.1328 1.12383e-09
44.3535 1.12969e-09
44.5752 1.13562e-09
44.7981 1.14154e-09
45.0221 1.14749e-09
45.2472 1.15348e-09
45.4734 1.15943e-09
45.7008 1.16548e-09
45.9293 1.17156e-09
46.159 1.17767e-09
46.3897 1.18375e-09
46.6217 1.18995e-09
46.8548 1.19609e-09
47.0891 1.20233e-09
47.3245 1.20854e-09
47.5611 1.21484e-09
47.799 1.22111e-09
48.0379 1.22748e-09
48.2781 1.23382e-09
48.5195 1.24022e-09
48.7621 1.24663e-09
49.0059 1.25306e-09
49.251 1.2596e-09
49.4972 1.2661e-09
49.7447 1.27264e-09
49.9934 1.27921e-09
50.2434 1.28582e-09
50.4946 1.29246e-09
50.7471 1.29916e-09
51.0008 1.30587e-09
51.2558 1.31262e-09
51.5121 1.31939e-09
51.7697 1.32614e-09
52.0285 1.33299e-09
52.2887 1.33987e-09
52.5501 1.34678e-09
52.8129 1.35373e-09
53.0769 1.36073e-09
53.3423 1.36768e-09
53.609 1.37475e-09
53.8771 1.38185e-09
54.1464 1.38891e-09
54.4172 1.39608e-09
54.6893 1.40322e-09
54.9627 1.41043e-09
55.2375 1.41772e-09
55.5137 1.42497e-09
55.7913 1.43232e-09
56.0702 1.43965e-09
56.3506 1.44708e-09
56.6323 1.45448e-09
56.9155 1.46192e-09
57.2001 1.46947e-09
57.4861 1.47695e-09
57.7735 1.48457e-09
58.0624 1.49217e-09
58.3527 1.4998e-09
58.6445 1.50747e-09
58.9377 1.51517e-09
59.2324 1.52292e-09
59.5285 1.53079e-09
59.8262 1.53861e-09
60.1253 1.54644e-09
60.4259 1.55435e-09
60.7281 1.5623e-09
61.0317 1.57029e-09
61.3369 1.57832e-09
61.6435 1.58639e-09
61.9518 1.5945e-09
62.2615 1.60264e-09
62.5728 1.61084e-09
62.8857 1.61907e-09
63.2001 1.62735e-09
63.5161 1.63559e-09
63.8337 1.64396e-09
64.1529 1.65236e-09
64.4736 1.66081e-09
64.796 1.66922e-09
65.12 1.6778e-09
65.4456 1.6863e-09
65.7728 1.69492e-09
66.1017 1.70359e-09
66.4322 1.71221e-09
66.7643 1.72097e-09
67.0982 1.72968e-09
67.4336 1.73853e-09
67.7708 1.74742e-09
68.1097 1.75631e-09
68.4502 1.7652e-09
68.7925 1.77423e-09
69.1364 1.78321e-09
69.4821 1.79233e-09
69.8295 1.80141e-09
70.1787 1.81053e-09
70.5296 1.81979e-09
70.8822 1.829e-09
71.2366 1.83831e-09
71.5928 1.84761e-09
71.9508 1.85706e-09
72.3105 1.86647e-09
72.6721 1.87592e-09
73.0354 1.88551e-09
73.4006 1.89506e-09
73.7676 1.90463e-09
74.1365 1.91437e-09
74.5071 1.92407e-09
74.8797 1.93381e-09
75.2541 1.9436e-09
75.6303 1.95354e-09
76.0085 1.96343e-09
76.3885 1.97337e-09
76.7705 1.98337e-09
77.1543 1.99346e-09
77.5401 2.00355e-09
77.9278 2.0137e-09
78.3174 2.02389e-09
78.709 2.03414e-09
79.1026 2.04444e-09
79.4981 2.05479e-09
79.8956 2.0652e-09
80.2951 2.07565e-09
80.6965 2.08621e-09
81.1 2.09678e-09
81.5055 2.10739e-09
81.913 2.11807e-09
82.3226 2.12879e-09
82.7342 2.13957e-09
83.1479 2.1504e-09
83.5636 2.16118e-09
83.9815 2.17213e-09
84.4014 2.18318e-09
84.8234 2.19423e-09
85.2475 2.20534e-09
85.6737 2.2164e-09
86.1021 2.22762e-09
86.5326 2.2389e-09
86.9653 2.25024e-09
87.4001 2.26163e-09
87.8371 2.27306e-09
88.2763 2.28457e-09
88.7177 2.29602e-09
89.1612 2.30765e-09
89.607 2.31933e-09
90.0551 2.33108e-09
90.5054 2.34276e-09
90.9579 2.35463e-09
91.4127 2.36655e-09
91.8697 2.37847e-09
92.3291 2.39051e-09
92.7907 2.40262e-09
93.2547 2.41466e-09
93.721 2.42689e-09
94.1896 2.43918e-09
94.6605 2.4514e-09
95.1338 2.46382e-09
95.6095 2.47617e-09
96.0875 2.48877e-09
96.568 2.50124e-09
97.0508 2.51391e-09
97.5361 2.52651e-09
98.0237 2.5393e-09
98.5139 2.55216e-09
99.0064 2.56496e-09
99.5015 2.57794e-09
99.999 2.59087e-09
