0.1 2.23571e-10
0.1005 2.23571e-10
0.101002 2.23571e-10
0.101508 2.23571e-10
0.102015 2.23571e-10
0.102525 2.23571e-10
0.103038 2.23571e-10
0.103553 2.23571e-10
0.104071 2.23571e-10
0.104591 2.23571e-10
0.105114 2.23571e-10
0.10564 2.23571e-10
0.106168 2.23571e-10
0.106699 2.23571e-10
0.107232 2.23571e-10
0.107768 2.23571e-10
0.108307 2.23571e-10
0.108849 2.23571e-10
0.109393 2.23571e-10
0.10994 2.23571e-10
0.11049 2.23571e-10
0.111042 2.23571e-10
0.111597 2.23571e-10
0.112155 2.23571e-10
0.112716 2.23571e-10
0.11328 2.23571e-10
0.113846 2.23571e-10
0.114415 2.23571e-10
0.114987 2.23571e-10
0.115562 2.23571e-10
0.11614 2.23571e-10
0.116721 2.23571e-10
0.117304 2.23571e-10
0.117891 2.23571e-10
0.11848 2.23571e-10
0.119073 2.23571e-10
0.119668 2.23571e-10
0.120266 2.23571e-10
0.120868 2.23571e-10
0.121472 2.23571e-10
0.122079 2.23571e-10
0.12269 2.23571e-10
0.123303 2.23571e-10
0.12392 2.23571e-10
0.124539 2.23571e-10
0.125162 2.23571e-10
0.125788 2.23571e-10
0.126417 2.23571e-10
0.127049 2.23571e-10
0.127684 2.23571e-10
0.128323 2.23571e-10
0.128964 2.23571e-10
0.129609 2.23571e-10
0.130257 2.23571e-10
0.130908 2.23571e-10
0.131563 2.23571e-10
0.132221 2.23571e-10
0.132882 2.23571e-10
0.133546 2.23571e-10
0.134214 2.23571e-10
0.134885 2.23571e-10
0.135559 2.23571e-10
0.136237 2.23571e-10
0.136918 2.23571e-10
0.137603 2.23571e-10
0.138291 2.23571e-10
0.138982 2.23571e-10
0.139677 2.23571e-10
0.140376 2.2356e-10
0.141078 2.2356e-10
0.141783 2.2356e-10
0.142492 2.2356e-10
0.143204 2.2356e-10
0.14392 2.2356e-10
0.14464 2.2356e-10
0.145363 2.2356e-10
0.14609 2.2356e-10
0.146821 2.2356e-10
0.147555 2.2356e-10
0.148292 2.2356e-10
0.149034 2.2356e-10
0.149779 2.2356e-10
0.150528 2.2356e-10
0.151281 2.2356e-10
0.152037 2.2356e-10
0.152797 2.2356e-10
0.153561 2.2356e-10
0.154329 2.2356e-10
0.155101 2.2356e-10
0.155876 2.2356e-10
0.156655 2.2356e-10
0.157439 2.2356e-10
0.158226 2.2356e-10
0.159017 2.2356e-10
0.159812 2.2356e-10
0.160611 2.2356e-10
0.161414 2.2356e-10
0.162221 2.2356e-10
0.163032 2.2356e-10
0.163848 2.2356e-10
0.164667 2.2356e-10
0.16549 2.2356e-10
0.166318 2.2356e-10
0.167149 2.2356e-10
0.167985 2.2356e-10
0.168825 2.2356e-10
0.169669 2.2356e-10
0.170517 2.2356e-10
0.17137 2.2356e-10
0.172227 2.2356e-10
0.173088 2.2356e-10
0.173953 2.23549e-10
0.174823 2.23549e-10
0.175697 2.23549e-10
0.176576 2.23549e-10
0.177459 2.23549e-10
0.178346 2.23549e-10
0.179238 2.23549e-10
0.180134 2.23549e-10
0.181035 2.23549e-10
0.18194 2.23549e-10
0.182849 2.23549e-10
0.183764 2.23549e-10
0.184682 2.23549e-10
0.185606 2.23549e-10
0.186534 2.23549e-10
0.187467 2.23549e-10
0.188404 2.23549e-10
0.189346 2.23549e-10
0.190293 2.23549e-10
0.191244 2.23549e-10
0.1922 2.23549e-10
0.193161 2.23549e-10
0.194127 2.23549e-10
0.195098 2.23549e-10
0.196073 2.23549e-10
0.197054 2.23549e-10
0.198039 2.23549e-10
0.199029 2.23549e-10
0.200024 2.23549e-10
0.201024 2.23538e-10
0.202029 2.23538e-10
0.20304 2.23538e-10
0.204055 2.23538e-10
0.205075 2.23538e-10
0.2061 2.23538e-10
0.207131 2.23538e-10
0.208167 2.23538e-10
0.209207 2.23538e-10
0.210253 2.23538e-10
0.211305 2.23538e-10
0.212361 2.23538e-10
0.213423 2.23538e-10
0.21449 2.23538e-10
0.215563 2.23538e-10
0.21664 2.23538e-10
0.217724 2.23538e-10
0.218812 2.23538e-10
0.219906 2.23538e-10
0.221006 2.23538e-10
0.222111 2.23538e-10
0.223221 2.23538e-10
0.224338 2.23538e-10
0.225459 2.23538e-10
0.226587 2.23527e-10
0.227719 2.23527e-10
0.228858 2.23527e-10
0.230002 2.23527e-10
0.231152 2.23527e-10
0.232308 2.23527e-10
0.23347 2.23527e-10
0.234637 2.23527e-10
0.23581 2.23527e-10
0.236989 2.23527e-10
0.238174 2.23527e-10
0.239365 2.23527e-10
0.240562 2.23527e-10
0.241765 2.23527e-10
0.242974 2.23527e-10
0.244188 2.23527e-10
0.245409 2.23527e-10
0.246636 2.23527e-10
0.24787 2.23515e-10
0.249109 2.23515e-10
0.250354 2.23515e-10
0.251606 2.23515e-10
0.252864 2.23515e-10
0.254129 2.23515e-10
0.255399 2.23515e-10
0.256676 2.23515e-10
0.25796 2.23515e-10
0.259249 2.23515e-10
0.260546 2.23515e-10
0.261848 2.23515e-10
0.263158 2.23515e-10
0.264473 2.23515e-10
0.265796 2.23515e-10
0.267125 2.23515e-10
0.26846 2.23504e-10
0.269803 2.23504e-10
0.271152 2.23504e-10
0.272507 2.23504e-10
0.27387 2.23504e-10
0.275239 2.23504e-10
0.276616 2.23504e-10
0.277999 2.23504e-10
0.279389 2.23504e-10
0.280786 2.23504e-10
0.282189 2.23504e-10
0.2836 2.23504e-10
0.285018 2.23504e-10
0.286444 2.23504e-10
0.287876 2.23493e-10
0.289315 2.23493e-10
0.290762 2.23493e-10
0.292216 2.23493e-10
0.293677 2.23493e-10
0.295145 2.23493e-10
0.296621 2.23493e-10
0.298104 2.23493e-10
0.299594 2.23493e-10
0.301092 2.23493e-10
0.302598 2.23493e-10
0.304111 2.23493e-10
0.305631 2.23482e-10
0.307159 2.23482e-10
0.308695 2.23482e-10
0.310239 2.23482e-10
0.31179 2.23482e-10
0.313349 2.23482e-10
0.314916 2.23482e-10
0.31649 2.23482e-10
0.318073 2.23482e-10
0.319663 2.23482e-10
0.321261 2.23471e-10
0.322868 2.23471e-10
0.324482 2.23471e-10
0.326104 2.23471e-10
0.327735 2.23471e-10
0.329374 2.23471e-10
0.33102 2.23471e-10
0.332676 2.23471e-10
0.334339 2.23471e-10
0.336011 2.23471e-10
0.337691 2.23459e-10
0.339379 2.23459e-10
0.341076 2.23459e-10
0.342781 2.23459e-10
0.344495 2.23459e-10
0.346218 2.23459e-10
0.347949 2.23459e-10
0.349689 2.23459e-10
0.351437 2.23459e-10
0.353194 2.23448e-10
0.35496 2.23448e-10
0.356735 2.23448e-10
0.358519 2.23448e-10
0.360311 2.23448e-10
0.362113 2.23448e-10
0.363923 2.23448e-10
0.365743 2.23448e-10
0.367572 2.23437e-10
0.36941 2.23437e-10
0.371257 2.23437e-10
0.373113 2.23437e-10
0.374978 2.23437e-10
0.376853 2.23437e-10
0.378738 2.23437e-10
0.380631 2.23437e-10
0.382535 2.23426e-10
0.384447 2.23426e-10
0.386369 2.23426e-10
0.388301 2.23426e-10
0.390243 2.23426e-10
0.392194 2.23426e-10
0.394155 2.23426e-10
0.396126 2.23415e-10
0.398106 2.23415e-10
0.400097 2.23415e-10
0.402097 2.23415e-10
0.404108 2.23415e-10
0.406128 2.23415e-10
0.408159 2.23404e-10
0.4102 2.23404e-10
0.412251 2.23404e-10
0.414312 2.23404e-10
0.416384 2.23404e-10
0.418466 2.23404e-10
0.420558 2.23392e-10
0.422661 2.23392e-10
0.424774 2.23392e-10
0.426898 2.23392e-10
0.429032 2.23392e-10
0.431178 2.23392e-10
0.433333 2.23381e-10
0.4355 2.23381e-10
0.437678 2.23381e-10
0.439866 2.23381e-10
0.442065 2.23381e-10
0.444276 2.2337e-10
0.446497 2.2337e-10
0.448729 2.2337e-10
0.450973 2.2337e-10
0.453228 2.2337e-10
0.455494 2.23359e-10
0.457772 2.23359e-10
0.46006 2.23359e-10
0.462361 2.23359e-10
0.464673 2.23359e-10
0.466996 2.23348e-10
0.469331 2.23348e-10
0.471678 2.23348e-10
0.474036 2.23348e-10
0.476406 2.23348e-10
0.478788 2.23337e-10
0.481182 2.23337e-10
0.483588 2.23337e-10
0.486006 2.23337e-10
0.488436 2.23337e-10
0.490878 2.23325e-10
0.493333 2.23325e-10
0.495799 2.23325e-10
0.498278 2.23325e-10
0.50077 2.23314e-10
0.503273 2.23314e-10
0.50579 2.23314e-10
0.508319 2.23314e-10
0.51086 2.23303e-10
0.513415 2.23303e-10
0.515982 2.23303e-10
0.518562 2.23303e-10
0.521154 2.23292e-10
0.52376 2.23292e-10
0.526379 2.23292e-10
0.529011 2.23292e-10
0.531656 2.23281e-10
0.534314 2.23281e-10
0.536986 2.23281e-10
0.539671 2.2327e-10
0.542369 2.2327e-10
0.545081 2.2327e-10
0.547806 2.2327e-10
0.550545 2.23258e-10
0.553298 2.23258e-10
0.556065 2.23258e-10
0.558845 2.23247e-10
0.561639 2.23247e-10
0.564447 2.23247e-10
0.56727 2.23247e-10
0.570106 2.23236e-10
0.572956 2.23236e-10
0.575821 2.23236e-10
0.5787 2.23225e-10
0.581594 2.23225e-10
0.584502 2.23225e-10
0.587424 2.23214e-10
0.590361 2.23214e-10
0.593313 2.23214e-10
0.59628 2.23203e-10
0.599261 2.23203e-10
0.602258 2.23203e-10
0.605269 2.23191e-10
0.608295 2.23191e-10
0.611337 2.23191e-10
0.614393 2.2318e-10
0.617465 2.2318e-10
0.620553 2.23169e-10
0.623655 2.23169e-10
0.626774 2.23169e-10
0.629908 2.23158e-10
0.633057 2.23158e-10
0.636222 2.23158e-10
0.639403 2.23147e-10
0.6426 2.23147e-10
0.645813 2.23136e-10
0.649043 2.23136e-10
0.652288 2.23136e-10
0.655549 2.23124e-10
0.658827 2.23124e-10
0.662121 2.23113e-10
0.665432 2.23113e-10
0.668759 2.23102e-10
0.672103 2.23102e-10
0.675463 2.23102e-10
0.67884 2.23091e-10
0.682235 2.23091e-10
0.685646 2.2308e-10
0.689074 2.2308e-10
0.692519 2.23069e-10
0.695982 2.23069e-10
0.699462 2.23058e-10
0.702959 2.23058e-10
0.706474 2.23046e-10
0.710006 2.23046e-10
0.713556 2.23035e-10
0.717124 2.23035e-10
0.72071 2.23035e-10
0.724313 2.23024e-10
0.727935 2.23024e-10
0.731575 2.23013e-10
0.735233 2.23002e-10
0.738909 2.23002e-10
0.742603 2.22991e-10
0.746316 2.22991e-10
0.750048 2.2298e-10
0.753798 2.2298e-10
0.757567 2.22968e-10
0.761355 2.22968e-10
0.765162 2.22957e-10
0.768987 2.22957e-10
0.772832 2.22946e-10
0.776697 2.22935e-10
0.78058 2.22935e-10
0.784483 2.22924e-10
0.788405 2.22924e-10
0.792347 2.22913e-10
0.796309 2.22901e-10
0.800291 2.22901e-10
0.804292 2.2289e-10
0.808314 2.2289e-10
0.812355 2.22879e-10
0.816417 2.22868e-10
0.820499 2.22868e-10
0.824602 2.22857e-10
0.828725 2.22846e-10
0.832868 2.22846e-10
0.837032 2.22835e-10
0.841218 2.22823e-10
0.845424 2.22823e-10
0.849651 2.22812e-10
0.853899 2.22801e-10
0.858169 2.22801e-10
0.862459 2.2279e-10
0.866772 2.22779e-10
0.871106 2.22768e-10
0.875461 2.22768e-10
0.879838 2.22757e-10
0.884238 2.22746e-10
0.888659 2.22734e-10
0.893102 2.22734e-10
0.897568 2.22723e-10
0.902055 2.22712e-10
0.906566 2.22701e-10
0.911099 2.22701e-10
0.915654 2.2269e-10
0.920232 2.22679e-10
0.924833 2.22668e-10
0.929458 2.22656e-10
0.934105 2.22645e-10
0.938775 2.22645e-10
0.943469 2.22634e-10
0.948187 2.22623e-10
0.952928 2.22612e-10
0.957692 2.22601e-10
0.962481 2.2259e-10
0.967293 2.22579e-10
0.97213 2.22567e-10
0.97699 2.22567e-10
0.981875 2.22556e-10
0.986785 2.22545e-10
0.991718 2.22534e-10
0.996677 2.22523e-10
1.00166 2.22512e-10
1.00667 2.22501e-10
1.0117 2.2249e-10
1.01676 2.22478e-10
1.02184 2.22467e-10
1.02695 2.22456e-10
1.03209 2.22445e-10
1.03725 2.22434e-10
1.04244 2.22423e-10
1.04765 2.22412e-10
1.05289 2.22401e-10
1.05815 2.22389e-10
1.06344 2.22367e-10
1.06876 2.22356e-10
1.0741 2.22345e-10
1.07947 2.22334e-10
1.08487 2.22322e-10
1.09029 2.22311e-10
1.09575 2.223e-10
1.10122 2.22289e-10
1.10673 2.22267e-10
1.11226 2.22256e-10
1.11783 2.22245e-10
1.12341 2.22234e-10
1.12903 2.22222e-10
1.13468 2.222e-10
1.14035 2.22189e-10
1.14605 2.22178e-10
1.15178 2.22167e-10
1.15754 2.22145e-10
1.16333 2.22134e-10
1.16915 2.22123e-10
1.17499 2.221e-10
1.18087 2.22089e-10
1.18677 2.22078e-10
1.1927 2.22056e-10
1.19867 2.22045e-10
1.20466 2.22023e-10
1.21068 2.22011e-10
1.21674 2.22e-10
1.22282 2.21978e-10
1.22894 2.21967e-10
1.23508 2.21945e-10
1.24126 2.21934e-10
1.24746 2.21912e-10
1.2537 2.21901e-10
1.25997 2.21878e-10
1.26627 2.21867e-10
1.2726 2.21845e-10
1.27896 2.21823e-10
1.28536 2.21812e-10
1.29178 2.2179e-10
1.29824 2.21779e-10
1.30473 2.21756e-10
1.31126 2.21734e-10
1.31781 2.21723e-10
1.3244 2.21701e-10
1.33102 2.21679e-10
1.33768 2.21657e-10
1.34437 2.21646e-10
1.35109 2.21623e-10
1.35785 2.21601e-10
1.36463 2.21579e-10
1.37146 2.21568e-10
1.37832 2.21546e-10
1.38521 2.21524e-10
1.39213 2.21501e-10
1.39909 2.21479e-10
1.40609 2.21457e-10
1.41312 2.21435e-10
1.42018 2.21413e-10
1.42729 2.21391e-10
1.43442 2.21369e-10
1.44159 2.21347e-10
1.4488 2.21324e-10
1.45605 2.21302e-10
1.46333 2.2128e-10
1.47064 2.21258e-10
1.478 2.21236e-10
1.48539 2.21214e-10
1.49281 2.21191e-10
1.50028 2.21158e-10
1.50778 2.21136e-10
1.51532 2.21114e-10
1.52289 2.21092e-10
1.53051 2.21059e-10
1.53816 2.21037e-10
1.54585 2.21015e-10
1.55358 2.20981e-10
1.56135 2.20959e-10
1.56916 2.20937e-10
1.577 2.20904e-10
1.58489 2.20882e-10
1.59281 2.20849e-10
1.60078 2.20827e-10
1.60878 2.20794e-10
1.61682 2.20772e-10
1.62491 2.20738e-10
1.63303 2.20716e-10
1.6412 2.20683e-10
1.6494 2.2065e-10
1.65765 2.20628e-10
1.66594 2.20595e-10
1.67427 2.20562e-10
1.68264 2.20529e-10
1.69105 2.20507e-10
1.69951 2.20474e-10
1.70801 2.20441e-10
1.71655 2.20408e-10
1.72513 2.20375e-10
1.73375 2.20342e-10
1.74242 2.20308e-10
1.75113 2.20275e-10
1.75989 2.20242e-10
1.76869 2.20209e-10
1.77753 2.20176e-10
1.78642 2.20143e-10
1.79535 2.2011e-10
1.80433 2.20077e-10
1.81335 2.20033e-10
1.82242 2.2e-10
1.83153 2.19967e-10
1.84069 2.19923e-10
1.84989 2.1989e-10
1.85914 2.19857e-10
1.86844 2.19813e-10
1.87778 2.1978e-10
1.88717 2.19736e-10
1.8966 2.19703e-10
1.90609 2.19659e-10
1.91562 2.19626e-10
1.92519 2.19582e-10
1.93482 2.19539e-10
1.94449 2.19495e-10
1.95422 2.19462e-10
1.96399 2.19418e-10
1.97381 2.19374e-10
1.98368 2.1933e-10
1.9936 2.19286e-10
2.00356 2.19242e-10
2.01358 2.19199e-10
2.02365 2.19155e-10
2.03377 2.19111e-10
2.04394 2.19062e-10
2.05416 2.19018e-10
2.06443 2.18974e-10
2.07475 2.1893e-10
2.08512 2.18876e-10
2.09555 2.18832e-10
2.10603 2.18788e-10
2.11656 2.18733e-10
2.12714 2.18689e-10
2.13777 2.18635e-10
2.14846 2.18591e-10
2.15921 2.18536e-10
2.17 2.18482e-10
2.18085 2.18438e-10
2.19176 2.18384e-10
2.20271 2.18329e-10
2.21373 2.18274e-10
2.2248 2.1822e-10
2.23592 2.18165e-10
2.2471 2.18111e-10
2.25834 2.18056e-10
2.26963 2.18002e-10
2.28098 2.17947e-10
2.29238 2.17882e-10
2.30384 2.17827e-10
2.31536 2.17773e-10
2.32694 2.17707e-10
2.33857 2.17653e-10
2.35027 2.17588e-10
2.36202 2.17533e-10
2.37383 2.17468e-10
2.3857 2.17403e-10
2.39763 2.17349e-10
2.40961 2.17283e-10
2.42166 2.17218e-10
2.43377 2.17153e-10
2.44594 2.17088e-10
2.45817 2.17023e-10
2.47046 2.16947e-10
2.48281 2.16882e-10
2.49523 2.16817e-10
2.5077 2.16752e-10
2.52024 2.16676e-10
2.53284 2.16611e-10
2.54551 2.16535e-10
2.55823 2.16459e-10
2.57102 2.16394e-10
2.58388 2.16318e-10
2.5968 2.16243e-10
2.60978 2.16167e-10
2.62283 2.16091e-10
2.63595 2.16016e-10
2.64913 2.1594e-10
2.66237 2.15865e-10
2.67568 2.15778e-10
2.68906 2.15703e-10
2.70251 2.15627e-10
2.71602 2.15541e-10
2.7296 2.15455e-10
2.74325 2.15379e-10
2.75696 2.15293e-10
2.77075 2.15207e-10
2.7846 2.15121e-10
2.79853 2.15035e-10
2.81252 2.14949e-10
2.82658 2.14863e-10
2.84071 2.14766e-10
2.85492 2.14681e-10
2.86919 2.14595e-10
2.88354 2.14498e-10
2.89796 2.14401e-10
2.91245 2.14305e-10
2.92701 2.14219e-10
2.94164 2.14123e-10
2.95635 2.14027e-10
2.97113 2.1392e-10
2.98599 2.13823e-10
3.00092 2.13727e-10
3.01592 2.1362e-10
3.031 2.13524e-10
3.04616 2.13417e-10
3.06139 2.13311e-10
3.07669 2.13204e-10
3.09208 2.13097e-10
3.10754 2.12991e-10
3.12308 2.12884e-10
3.13869 2.12778e-10
3.15439 2.12661e-10
3.17016 2.12555e-10
3.18601 2.12438e-10
3.20194 2.12321e-10
3.21795 2.12204e-10
3.23404 2.12087e-10
3.25021 2.11971e-10
3.26646 2.11854e-10
3.28279 2.11727e-10
3.2992 2.11611e-10
3.3157 2.11484e-10
3.33228 2.11357e-10
3.34894 2.1123e-10
3.36569 2.11103e-10
3.38251 2.10977e-10
3.39943 2.1085e-10
3.41642 2.10713e-10
3.43351 2.10587e-10
3.45067 2.1045e-10
3.46793 2.10313e-10
3.48527 2.10176e-10
3.50269 2.1004e-10
3.52021 2.09893e-10
3.53781 2.09757e-10
3.5555 2.0961e-10
3.57327 2.09463e-10
3.59114 2.09322e-10
3.6091 2.09175e-10
3.62714 2.09018e-10
3.64528 2.08872e-10
3.6635 2.08716e-10
3.68182 2.08559e-10
3.70023 2.08413e-10
3.71873 2.08247e-10
3.73732 2.0809e-10
3.75601 2.07934e-10
3.77479 2.07768e-10
3.79367 2.07602e-10
3.81263 2.07436e-10
3.8317 2.0727e-10
3.85086 2.07094e-10
3.87011 2.06928e-10
3.88946 2.06752e-10
3.90891 2.06577e-10
3.92845 2.06401e-10
3.94809 2.06215e-10
3.96783 2.0604e-10
3.98767 2.05855e-10
4.00761 2.05669e-10
4.02765 2.05484e-10
4.04779 2.05289e-10
4.06803 2.05094e-10
4.08837 2.0491e-10
4.10881 2.04705e-10
4.12935 2.04511e-10
4.15 2.04306e-10
4.17075 2.04112e-10
4.1916 2.03908e-10
4.21256 2.03694e-10
4.23362 2.0349e-10
4.25479 2.03277e-10
4.27607 2.03064e-10
4.29745 2.0285e-10
4.31893 2.02627e-10
4.34053 2.02405e-10
4.36223 2.02182e-10
4.38404 2.0196e-10
4.40596 2.01727e-10
4.42799 2.01496e-10
4.45013 2.01264e-10
4.47238 2.01023e-10
4.49475 2.00791e-10
4.51722 2.00541e-10
4.53981 2.003e-10
4.5625 2.0005e-10
4.58532 1.99802e-10
4.60824 1.99552e-10
4.63128 1.99293e-10
4.65444 1.99034e-10
4.67771 1.98775e-10
4.7011 1.98507e-10
4.72461 1.98239e-10
4.74823 1.97972e-10
4.77197 1.97695e-10
4.79583 1.97418e-10
4.81981 1.97142e-10
4.84391 1.96856e-10
4.86813 1.96571e-10
4.89247 1.96286e-10
4.91693 1.95992e-10
4.94152 1.95698e-10
4.96622 1.95395e-10
4.99106 1.95092e-10
5.01601 1.9478e-10
5.04109 1.94469e-10
5.0663 1.94158e-10
5.09163 1.93838e-10
5.11709 1.93518e-10
5.14267 1.93199e-10
5.16838 1.92861e-10
5.19423 1.92529e-10
5.2202 1.92192e-10
5.2463 1.91856e-10
5.27253 1.91511e-10
5.29889 1.91157e-10
5.32539 1.90813e-10
5.35201 1.90451e-10
5.37877 1.9009e-10
5.40567 1.89729e-10
5.4327 1.89349e-10
5.45986 1.88981e-10
5.48716 1.88603e-10
5.5146 1.88217e-10
5.54217 1.87831e-10
5.56988 1.87437e-10
5.59773 1.87035e-10
5.62572 1.86633e-10
5.65385 1.86223e-10
5.68212 1.85813e-10
5.71053 1.85396e-10
5.73908 1.8497e-10
5.76777 1.84545e-10
5.79661 1.84107e-10
5.8256 1.83675e-10
5.85472 1.83225e-10
5.884 1.82777e-10
5.91342 1.8232e-10
5.94298 1.81865e-10
5.9727 1.81393e-10
6.00256 1.80922e-10
6.03258 1.80443e-10
6.06274 1.79956e-10
6.09305 1.79462e-10
6.12352 1.78969e-10
6.15413 1.7846e-10
6.18491 1.77952e-10
6.21583 1.77436e-10
6.24691 1.76914e-10
6.27814 1.76384e-10
6.30953 1.75842e-10
6.34108 1.75298e-10
6.37279 1.74746e-10
6.40465 1.74188e-10
6.43667 1.73623e-10
6.46886 1.73051e-10
6.5012 1.72463e-10
6.53371 1.71878e-10
6.56638 1.71277e-10
6.59921 1.7067e-10
6.6322 1.70057e-10
6.66537 1.69437e-10
6.69869 1.68803e-10
6.73219 1.68164e-10
6.76585 1.67509e-10
6.79968 1.66857e-10
6.83367 1.66183e-10
6.86784 1.65511e-10
6.90218 1.64825e-10
6.93669 1.64126e-10
6.97138 1.63422e-10
7.00623 1.62704e-10
7.04126 1.61978e-10
7.07647 1.61234e-10
7.11185 1.60486e-10
7.14741 1.59726e-10
7.18315 1.58961e-10
7.21907 1.58176e-10
7.25516 1.57379e-10
7.29144 1.5657e-10
7.32789 1.5575e-10
7.36453 1.54919e-10
7.40136 1.54073e-10
7.43836 1.53213e-10
7.47555 1.52342e-10
7.51293 1.51461e-10
7.5505 1.50555e-10
7.58825 1.49639e-10
7.62619 1.48714e-10
7.66432 1.47761e-10
7.70264 1.46804e-10
7.74116 1.45824e-10
7.77986 1.44828e-10
7.81876 1.43818e-10
7.85786 1.42786e-10
7.89714 1.4174e-10
7.93663 1.40668e-10
7.97631 1.39582e-10
8.0162 1.38476e-10
8.05628 1.37345e-10
8.09656 1.36193e-10
8.13704 1.35027e-10
8.17773 1.3383e-10
8.21861 1.32611e-10
8.25971 1.31363e-10
8.30101 1.30092e-10
8.34251 1.28797e-10
8.38422 1.27471e-10
8.42614 1.26114e-10
8.46828 1.24722e-10
8.51062 1.23305e-10
8.55317 1.21846e-10
8.59594 1.2035e-10
8.63892 1.18821e-10
8.68211 1.17245e-10
8.72552 1.1562e-10
8.76915 1.13947e-10
8.81299 1.12217e-10
8.85706 1.10424e-10
8.90134 1.0856e-10
8.94585 1.06613e-10
8.99058 1.04572e-10
9.03553 1.02414e-10
9.08071 1.00105e-10
9.12611 9.76096e-11
9.17174 9.485e-11
9.2176 9.17272e-11
9.26369 8.80684e-11
9.31001 8.35998e-11
9.35656 7.7996e-11
9.40334 7.12787e-11
9.45036 6.52692e-11
9.49761 6.42026e-11
9.5451 6.81732e-11
9.59282 7.17507e-11
9.64079 7.2737e-11
9.68899 7.18369e-11
9.73744 6.98677e-11
9.78612 6.72639e-11
9.83506 6.42251e-11
9.88423 6.08166e-11
9.93365 5.70335e-11
9.98332 5.27811e-11
10.0332 4.78467e-11
10.0834 4.17728e-11
10.1338 3.37246e-11
10.1845 2.64222e-11
10.2354 3.25003e-11
10.2866 3.9123e-11
10.338 4.45993e-11
10.3897 4.93003e-11
10.4417 5.35896e-11
10.4939 5.76428e-11
10.5463 6.15262e-11
10.5991 6.52855e-11
10.6521 6.89307e-11
10.7053 7.24755e-11
10.7589 7.59352e-11
10.8126 7.93057e-11
10.8667 8.26025e-11
10.921 8.58272e-11
10.9756 8.89803e-11
11.0305 9.20765e-11
11.0857 9.51113e-11
11.1411 9.80891e-11
11.1968 1.0102e-10
11.2528 1.03905e-10
11.3091 1.06741e-10
11.3656 1.09542e-10
11.4224 1.12301e-10
11.4795 1.15021e-10
11.5369 1.17715e-10
11.5946 1.20369e-10
11.6526 1.23003e-10
11.7109 1.25604e-10
11.7694 1.28181e-10
11.8283 1.30734e-10
11.8874 1.33262e-10
11.9468 1.35771e-10
12.0066 1.38255e-10
12.0666 1.40724e-10
12.1269 1.43179e-10
12.1876 1.45612e-10
12.2485 1.48031e-10
12.3098 1.50442e-10
12.3713 1.5283e-10
12.4332 1.55206e-10
12.4953 1.57576e-10
12.5578 1.59934e-10
12.6206 1.62274e-10
12.6837 1.64611e-10
12.7471 1.66932e-10
12.8109 1.69251e-10
12.8749 1.7156e-10
12.9393 1.73857e-10
13.004 1.76154e-10
13.069 1.78433e-10
13.1343 1.80714e-10
13.2 1.82987e-10
13.266 1.85257e-10
13.3323 1.87521e-10
13.399 1.89786e-10
13.466 1.92039e-10
13.5333 1.94284e-10
13.601 1.96532e-10
13.669 1.98785e-10
13.7373 2.01023e-10
13.806 2.03267e-10
13.8751 2.05495e-10
13.9444 2.07737e-10
14.0142 2.09966e-10
14.0842 2.12204e-10
14.1547 2.14434e-10
14.2254 2.16665e-10
14.2966 2.18887e-10
14.368 2.21114e-10
14.4399 2.23348e-10
14.5121 2.2557e-10
14.5846 2.27803e-10
14.6576 2.3003e-10
14.7309 2.3226e-10
14.8045 2.3449e-10
14.8785 2.36728e-10
14.9529 2.38962e-10
15.0277 2.41195e-10
15.1028 2.43437e-10
15.1783 2.45675e-10
15.2542 2.47908e-10
15.3305 2.50156e-10
15.4072 2.52393e-10
15.4842 2.54636e-10
15.5616 2.56888e-10
15.6394 2.59146e-10
15.7176 2.61403e-10
15.7962 2.63661e-10
15.8752 2.65913e-10
15.9546 2.68183e-10
16.0343 2.70445e-10
16.1145 2.7272e-10
16.1951 2.74993e-10
16.2761 2.77285e-10
16.3574 2.79569e-10
16.4392 2.81843e-10
16.5214 2.84147e-10
16.604 2.86444e-10
16.687 2.88745e-10
16.7705 2.9105e-10
16.8543 2.93358e-10
16.9386 2.95671e-10
17.0233 2.97994e-10
17.1084 3.00312e-10
17.194 3.02649e-10
17.2799 3.04974e-10
17.3663 3.07316e-10
17.4532 3.09661e-10
17.5404 3.12015e-10
17.6281 3.1438e-10
17.7163 3.16731e-10
17.8048 3.19116e-10
17.8939 3.21487e-10
17.9833 3.23858e-10
18.0733 3.26256e-10
18.1636 3.28647e-10
18.2544 3.31055e-10
18.3457 3.33447e-10
18.4374 3.35874e-10
18.5296 3.38281e-10
18.6223 3.40709e-10
18.7154 3.43154e-10
18.809 3.456e-10
18.903 3.48045e-10
18.9975 3.5049e-10
19.0925 3.52961e-10
19.188 3.55423e-10
19.2839 3.57902e-10
19.3803 3.60399e-10
19.4772 3.62876e-10
19.5746 3.65389e-10
19.6725 3.67901e-10
19.7709 3.70402e-10
19.8697 3.7293e-10
19.9691 3.75474e-10
20.0689 3.77999e-10
20.1692 3.80559e-10
20.2701 3.83118e-10
20.3714 3.85684e-10
20.4733 3.88258e-10
20.5757 3.90829e-10
20.6785 3.93418e-10
20.7819 3.96023e-10
20.8858 3.98645e-10
20.9903 4.01262e-10
21.0952 4.03879e-10
21.2007 4.06513e-10
21.3067 4.09164e-10
21.4132 4.11812e-10
21.5203 4.14478e-10
21.6279 4.1716e-10
21.7361 4.19828e-10
21.8447 4.22524e-10
21.954 4.25237e-10
22.0637 4.27946e-10
22.174 4.30672e-10
22.2849 4.33394e-10
22.3963 4.36134e-10
22.5083 4.3888e-10
22.6209 4.41654e-10
22.734 4.44423e-10
22.8476 4.4721e-10
22.9619 4.49991e-10
23.0767 4.52813e-10
23.1921 4.55629e-10
23.308 4.58441e-10
23.4246 4.6128e-10
23.5417 4.64126e-10
23.6594 4.6699e-10
23.7777 4.69847e-10
23.8966 4.72723e-10
24.0161 4.75616e-10
24.1361 4.78522e-10
24.2568 4.81426e-10
24.3781 4.84372e-10
24.5 4.87287e-10
24.6225 4.90245e-10
24.7456 4.93196e-10
24.8693 4.96164e-10
24.9937 4.99162e-10
25.1187 5.02142e-10
25.2443 5.05164e-10
25.3705 5.08179e-10
25.4973 5.11212e-10
25.6248 5.14263e-10
25.7529 5.17307e-10
25.8817 5.20368e-10
26.0111 5.23461e-10
26.1412 5.26559e-10
26.2719 5.29649e-10
26.4032 5.32783e-10
26.5352 5.35909e-10
26.6679 5.39054e-10
26.8013 5.42218e-10
26.9353 5.45385e-10
27.0699 5.48558e-10
27.2053 5.51749e-10
27.3413 5.54959e-10
27.478 5.58187e-10
27.6154 5.61435e-10
27.7535 5.64673e-10
27.8923 5.67952e-10
28.0317 5.71228e-10
28.1719 5.74523e-10
28.3127 5.77836e-10
28.4543 5.8114e-10
28.5966 5.84491e-10
28.7396 5.87833e-10
28.8833 5.91193e-10
29.0277 5.94558e-10
29.1728 5.97958e-10
29.3187 6.01376e-10
29.4653 6.04784e-10
29.6126 6.08211e-10
29.7607 6.11688e-10
29.9095 6.15154e-10
30.059 6.18609e-10
30.2093 6.2213e-10
30.3603 6.25624e-10
30.5122 6.2917e-10
30.6647 6.32703e-10
30.818 6.36257e-10
30.9721 6.3983e-10
31.127 6.43424e-10
31.2826 6.47037e-10
31.439 6.50655e-10
31.5962 6.54276e-10
31.7542 6.57918e-10
31.913 6.61614e-10
32.0725 6.65296e-10
32.2329 6.68999e-10
32.3941 6.72717e-10
32.556 6.76428e-10
32.7188 6.80193e-10
32.8824 6.83944e-10
33.0468 6.87751e-10
33.2121 6.91545e-10
33.3781 6.95359e-10
33.545 6.99195e-10
33.7127 7.03051e-10
33.8813 7.06911e-10
34.0507 7.1081e-10
34.221 7.14696e-10
34.3921 7.18638e-10
34.564 7.22566e-10
34.7369 7.26515e-10
34.9105 7.30486e-10
35.0851 7.34478e-10
35.2605 7.38511e-10
35.4368 7.42547e-10
35.614 7.46568e-10
35.7921 7.50648e-10
35.971 7.54751e-10
36.1509 7.58838e-10
36.3316 7.62948e-10
36.5133 7.67118e-10
36.6959 7.71272e-10
36.8793 7.75429e-10
37.0637 7.79628e-10
37.2491 7.8385e-10
37.4353 7.88095e-10
37.6225 7.92363e-10
37.8106 7.96614e-10
37.9996 8.0092e-10
38.1896 8.05258e-10
38.3806 8.09578e-10
38.5725 8.13921e-10
38.7654 8.18329e-10
38.9592 8.22719e-10
39.154 8.27133e-10
39.3498 8.3157e-10
39.5465 8.36032e-10
39.7442 8.40496e-10
39.943 8.45005e-10
40.1427 8.49496e-10
40.3434 8.54054e-10
40.5451 8.58636e-10
40.7478 8.632e-10
40.9516 8.67787e-10
41.1563 8.72443e-10
41.3621 8.77101e-10
41.5689 8.81763e-10
41.7768 8.86449e-10
41.9856 8.9116e-10
42.1956 8.95897e-10
42.4065 9.00658e-10
42.6186 9.05445e-10
42.8317 9.10211e-10
43.0458 9.15049e-10
43.2611 9.19889e-10
43.4774 9.24778e-10
43.6948 9.29646e-10
43.9132 9.34587e-10
44.1328 9.39507e-10
44.3535 9.445e-10
44.5752 9.49472e-10
44.7981 9.54462e-10
45.0221 9.59535e-10
45.2472 9.64586e-10
45.4734 9.69664e-10
45.7008 9.74769e-10
45.9293 9.79901e-10
46.159 9.85061e-10
46.3897 9.90246e-10
46.6217 9.9541e-10
46.8548 1.00067e-09
47.0891 1.00589e-09
47.3245 1.01119e-09
47.5611 1.01646e-09
47.799 1.02181e-09
48.0379 1.02719e-09
48.2781 1.03255e-09
48.5195 1.03793e-09
48.7621 1.04337e-09
49.0059 1.04881e-09
49.251 1.05433e-09
49.4972 1.05983e-09
49.7447 1.06535e-09
49.9934 1.07091e-09
50.2434 1.07649e-09
50.4946 1.08211e-09
50.7471 1.08775e-09
51.0008 1.09345e-09
51.2558 1.09915e-09
51.5121 1.10482e-09
51.7697 1.11058e-09
52.0285 1.11637e-09
52.2887 1.1222e-09
52.5501 1.12799e-09
52.8129 1.13386e-09
53.0769 1.13977e-09
53.3423 1.14566e-09
53.609 1.15163e-09
53.8771 1.15758e-09
54.1464 1.16362e-09
54.4172 1.16963e-09
54.6893 1.17572e-09
54.9627 1.1818e-09
55.2375 1.18793e-09
55.5137 1.19406e-09
55.7913 1.20023e-09
56.0702 1.20643e-09
56.3506 1.21266e-09
56.6323 1.21898e-09
56.9155 1.22527e-09
57.2001 1.2316e-09
57.4861 1.23796e-09
57.7735 1.24432e-09
58.0624 1.25075e-09
58.3527 1.25721e-09
58.6445 1.2637e-09
58.9377 1.27022e-09
59.2324 1.27678e-09
59.5285 1.28331e-09
59.8262 1.28994e-09
60.1253 1.2966e-09
60.4259 1.30326e-09
60.7281 1.30999e-09
61.0317 1.31669e-09
61.3369 1.32349e-09
61.6435 1.33026e-09
61.9518 1.33713e-09
62.2615 1.34397e-09
62.5728 1.35089e-09
62.8857 1.35787e-09
63.2001 1.36481e-09
63.5161 1.37179e-09
63.8337 1.37888e-09
64.1529 1.38593e-09
64.4736 1.39302e-09
64.796 1.40021e-09
65.12 1.40737e-09
65.4456 1.4146e-09
65.7728 1.42183e-09
66.1017 1.4291e-09
66.4322 1.43641e-09
66.7643 1.44383e-09
67.0982 1.45121e-09
67.4336 1.45864e-09
67.7708 1.4661e-09
68.1097 1.47359e-09
68.4502 1.48109e-09
68.7925 1.48866e-09
69.1364 1.49628e-09
69.4821 1.50393e-09
69.8295 1.51162e-09
70.1787 1.51935e-09
70.5296 1.52712e-09
70.8822 1.53493e-09
71.2366 1.54274e-09
71.5928 1.55063e-09
71.9508 1.55856e-09
72.3105 1.56653e-09
72.6721 1.57446e-09
73.0354 1.58251e-09
73.4006 1.5906e-09
73.7676 1.59873e-09
74.1365 1.60681e-09
74.5071 1.61503e-09
74.8797 1.62329e-09
75.2541 1.63151e-09
75.6303 1.63985e-09
76.0085 1.64824e-09
76.3885 1.65658e-09
76.7705 1.66506e-09
77.1543 1.67349e-09
77.5401 1.682e-09
77.9278 1.6906e-09
78.3174 1.69916e-09
78.709 1.70785e-09
79.1026 1.7165e-09
79.4981 1.72519e-09
79.8956 1.73401e-09
80.2951 1.74279e-09
80.6965 1.75171e-09
81.1 1.76062e-09
81.5055 1.76953e-09
81.913 1.77849e-09
82.3226 1.7875e-09
82.7342 1.79664e-09
83.1479 1.80574e-09
83.5636 1.81488e-09
83.9815 1.82416e-09
84.4014 1.8334e-09
84.8234 1.84263e-09
85.2475 1.85205e-09
85.6737 1.86143e-09
86.1021 1.87086e-09
86.5326 1.88033e-09
86.9653 1.88985e-09
87.4001 1.89942e-09
87.8371 1.90912e-09
88.2763 1.91878e-09
88.7177 1.9285e-09
89.1612 1.93826e-09
89.607 1.94808e-09
90.0551 1.95794e-09
90.5054 1.96785e-09
90.9579 1.97782e-09
91.4127 1.98783e-09
91.8697 1.99795e-09
92.3291 2.00806e-09
92.7907 2.01823e-09
93.2547 2.02845e-09
93.721 2.03872e-09
94.1896 2.04894e-09
94.6605 2.05932e-09
95.1338 2.06974e-09
95.6095 2.08022e-09
96.0875 2.09081e-09
96.568 2.10129e-09
97.0508 2.11193e-09
97.5361 2.12262e-09
98.0237 2.13337e-09
98.5139 2.14417e-09
99.0064 2.15503e-09
99.5015 2.16583e-09
99.999 2.1768e-09
