0.1 8.54866e-10
0.1005 8.54866e-10
0.101002 8.54866e-10
0.101508 8.54866e-10
0.102015 8.54866e-10
0.102525 8.54866e-10
0.103038 8.54866e-10
0.103553 8.54866e-10
0.104071 8.54866e-10
0.104591 8.54866e-10
0.105114 8.54866e-10
0.10564 8.54866e-10
0.106168 8.54866e-10
0.106699 8.54866e-10
0.107232 8.54866e-10
0.107768 8.54866e-10
0.108307 8.54866e-10
0.108849 8.54866e-10
0.109393 8.54866e-10
0.10994 8.54866e-10
0.11049 8.54866e-10
0.111042 8.54866e-10
0.111597 8.54866e-10
0.112155 8.54866e-10
0.112716 8.54866e-10
0.11328 8.54866e-10
0.113846 8.54866e-10
0.114415 8.54866e-10
0.114987 8.54866e-10
0.115562 8.54866e-10
0.11614 8.54866e-10
0.116721 8.54866e-10
0.117304 8.54866e-10
0.117891 8.54866e-10
0.11848 8.54866e-10
0.119073 8.54866e-10
0.119668 8.54866e-10
0.120266 8.54866e-10
0.120868 8.54866e-10
0.121472 8.54866e-10
0.122079 8.54823e-10
0.12269 8.54823e-10
0.123303 8.54823e-10
0.12392 8.54823e-10
0.124539 8.54823e-10
0.125162 8.54823e-10
0.125788 8.54823e-10
0.126417 8.54823e-10
0.127049 8.54823e-10
0.127684 8.54823e-10
0.128323 8.54823e-10
0.128964 8.54823e-10
0.129609 8.54823e-10
0.130257 8.54823e-10
0.130908 8.54823e-10
0.131563 8.54823e-10
0.132221 8.54823e-10
0.132882 8.54823e-10
0.133546 8.54823e-10
0.134214 8.54823e-10
0.134885 8.54823e-10
0.135559 8.54823e-10
0.136237 8.54823e-10
0.136918 8.54823e-10
0.137603 8.54823e-10
0.138291 8.54823e-10
0.138982 8.54823e-10
0.139677 8.54823e-10
0.140376 8.54823e-10
0.141078 8.54823e-10
0.141783 8.54823e-10
0.142492 8.54823e-10
0.143204 8.54823e-10
0.14392 8.54823e-10
0.14464 8.5478e-10
0.145363 8.5478e-10
0.14609 8.5478e-10
0.146821 8.5478e-10
0.147555 8.5478e-10
0.148292 8.5478e-10
0.149034 8.5478e-10
0.149779 8.5478e-10
0.150528 8.5478e-10
0.151281 8.5478e-10
0.152037 8.5478e-10
0.152797 8.5478e-10
0.153561 8.5478e-10
0.154329 8.5478e-10
0.155101 8.5478e-10
0.155876 8.5478e-10
0.156655 8.5478e-10
0.157439 8.5478e-10
0.158226 8.5478e-10
0.159017 8.5478e-10
0.159812 8.5478e-10
0.160611 8.5478e-10
0.161414 8.5478e-10
0.162221 8.5478e-10
0.163032 8.5478e-10
0.163848 8.54738e-10
0.164667 8.54738e-10
0.16549 8.54738e-10
0.166318 8.54738e-10
0.167149 8.54738e-10
0.167985 8.54738e-10
0.168825 8.54738e-10
0.169669 8.54738e-10
0.170517 8.54738e-10
0.17137 8.54738e-10
0.172227 8.54738e-10
0.173088 8.54738e-10
0.173953 8.54738e-10
0.174823 8.54738e-10
0.175697 8.54738e-10
0.176576 8.54738e-10
0.177459 8.54738e-10
0.178346 8.54738e-10
0.179238 8.54738e-10
0.180134 8.54738e-10
0.181035 8.54695e-10
0.18194 8.54695e-10
0.182849 8.54695e-10
0.183764 8.54695e-10
0.184682 8.54695e-10
0.185606 8.54695e-10
0.186534 8.54695e-10
0.187467 8.54695e-10
0.188404 8.54695e-10
0.189346 8.54695e-10
0.190293 8.54695e-10
0.191244 8.54695e-10
0.1922 8.54695e-10
0.193161 8.54695e-10
0.194127 8.54695e-10
0.195098 8.54695e-10
0.196073 8.54652e-10
0.197054 8.54652e-10
0.198039 8.54652e-10
0.199029 8.54652e-10
0.200024 8.54652e-10
0.201024 8.54652e-10
0.202029 8.54652e-10
0.20304 8.54652e-10
0.204055 8.54652e-10
0.205075 8.54652e-10
0.2061 8.54652e-10
0.207131 8.54652e-10
0.208167 8.54652e-10
0.209207 8.54652e-10
0.210253 8.54652e-10
0.211305 8.5461e-10
0.212361 8.5461e-10
0.213423 8.5461e-10
0.21449 8.5461e-10
0.215563 8.5461e-10
0.21664 8.5461e-10
0.217724 8.5461e-10
0.218812 8.5461e-10
0.219906 8.5461e-10
0.221006 8.5461e-10
0.222111 8.5461e-10
0.223221 8.5461e-10
0.224338 8.54567e-10
0.225459 8.54567e-10
0.226587 8.54567e-10
0.227719 8.54567e-10
0.228858 8.54567e-10
0.230002 8.54567e-10
0.231152 8.54567e-10
0.232308 8.54567e-10
0.23347 8.54567e-10
0.234637 8.54567e-10
0.23581 8.54567e-10
0.236989 8.54524e-10
0.238174 8.54524e-10
0.239365 8.54524e-10
0.240562 8.54524e-10
0.241765 8.54524e-10
0.242974 8.54524e-10
0.244188 8.54524e-10
0.245409 8.54524e-10
0.246636 8.54524e-10
0.24787 8.54524e-10
0.249109 8.54481e-10
0.250354 8.54481e-10
0.251606 8.54481e-10
0.252864 8.54481e-10
0.254129 8.54481e-10
0.255399 8.54481e-10
0.256676 8.54481e-10
0.25796 8.54481e-10
0.259249 8.54481e-10
0.260546 8.54439e-10
0.261848 8.54439e-10
0.263158 8.54439e-10
0.264473 8.54439e-10
0.265796 8.54439e-10
0.267125 8.54439e-10
0.26846 8.54439e-10
0.269803 8.54439e-10
0.271152 8.54439e-10
0.272507 8.54396e-10
0.27387 8.54396e-10
0.275239 8.54396e-10
0.276616 8.54396e-10
0.277999 8.54396e-10
0.279389 8.54396e-10
0.280786 8.54396e-10
0.282189 8.54353e-10
0.2836 8.54353e-10
0.285018 8.54353e-10
0.286444 8.54353e-10
0.287876 8.54353e-10
0.289315 8.54353e-10
0.290762 8.54353e-10
0.292216 8.54311e-10
0.293677 8.54311e-10
0.295145 8.54311e-10
0.296621 8.54311e-10
0.298104 8.54311e-10
0.299594 8.54311e-10
0.301092 8.54311e-10
0.302598 8.54268e-10
0.304111 8.54268e-10
0.305631 8.54268e-10
0.307159 8.54268e-10
0.308695 8.54268e-10
0.310239 8.54268e-10
0.31179 8.54225e-10
0.313349 8.54225e-10
0.314916 8.54225e-10
0.31649 8.54225e-10
0.318073 8.54225e-10
0.319663 8.54225e-10
0.321261 8.54182e-10
0.322868 8.54182e-10
0.324482 8.54182e-10
0.326104 8.54182e-10
0.327735 8.54182e-10
0.329374 8.54182e-10
0.33102 8.5414e-10
0.332676 8.5414e-10
0.334339 8.5414e-10
0.336011 8.5414e-10
0.337691 8.5414e-10
0.339379 8.54097e-10
0.341076 8.54097e-10
0.342781 8.54097e-10
0.344495 8.54097e-10
0.346218 8.54097e-10
0.347949 8.54054e-10
0.349689 8.54054e-10
0.351437 8.54054e-10
0.353194 8.54054e-10
0.35496 8.54054e-10
0.356735 8.54011e-10
0.358519 8.54011e-10
0.360311 8.54011e-10
0.362113 8.54011e-10
0.363923 8.53968e-10
0.365743 8.53968e-10
0.367572 8.53968e-10
0.36941 8.53968e-10
0.371257 8.53968e-10
0.373113 8.53925e-10
0.374978 8.53925e-10
0.376853 8.53925e-10
0.378738 8.53925e-10
0.380631 8.53883e-10
0.382535 8.53883e-10
0.384447 8.53883e-10
0.386369 8.53883e-10
0.388301 8.5384e-10
0.390243 8.5384e-10
0.392194 8.5384e-10
0.394155 8.5384e-10
0.396126 8.53797e-10
0.398106 8.53797e-10
0.400097 8.53797e-10
0.402097 8.53754e-10
0.404108 8.53754e-10
0.406128 8.53754e-10
0.408159 8.53754e-10
0.4102 8.53712e-10
0.412251 8.53712e-10
0.414312 8.53712e-10
0.416384 8.53712e-10
0.418466 8.53669e-10
0.420558 8.53669e-10
0.422661 8.53669e-10
0.424774 8.53626e-10
0.426898 8.53626e-10
0.429032 8.53626e-10
0.431178 8.53584e-10
0.433333 8.53584e-10
0.4355 8.53584e-10
0.437678 8.53541e-10
0.439866 8.53541e-10
0.442065 8.53541e-10
0.444276 8.53498e-10
0.446497 8.53498e-10
0.448729 8.53498e-10
0.450973 8.53456e-10
0.453228 8.53456e-10
0.455494 8.53456e-10
0.457772 8.53413e-10
0.46006 8.53413e-10
0.462361 8.53413e-10
0.464673 8.5337e-10
0.466996 8.5337e-10
0.469331 8.53328e-10
0.471678 8.53328e-10
0.474036 8.53328e-10
0.476406 8.53285e-10
0.478788 8.53285e-10
0.481182 8.53285e-10
0.483588 8.53242e-10
0.486006 8.53242e-10
0.488436 8.532e-10
0.490878 8.532e-10
0.493333 8.532e-10
0.495799 8.53157e-10
0.498278 8.53157e-10
0.50077 8.53114e-10
0.503273 8.53114e-10
0.50579 8.53072e-10
0.508319 8.53072e-10
0.51086 8.53072e-10
0.513415 8.53029e-10
0.515982 8.53029e-10
0.518562 8.52986e-10
0.521154 8.52986e-10
0.52376 8.52944e-10
0.526379 8.52944e-10
0.529011 8.52901e-10
0.531656 8.52901e-10
0.534314 8.52859e-10
0.536986 8.52859e-10
0.539671 8.52816e-10
0.542369 8.52816e-10
0.545081 8.52773e-10
0.547806 8.52773e-10
0.550545 8.52731e-10
0.553298 8.52731e-10
0.556065 8.52688e-10
0.558845 8.52688e-10
0.561639 8.52645e-10
0.564447 8.52645e-10
0.56727 8.52603e-10
0.570106 8.52603e-10
0.572956 8.5256e-10
0.575821 8.52518e-10
0.5787 8.52518e-10
0.581594 8.52475e-10
0.584502 8.52475e-10
0.587424 8.52432e-10
0.590361 8.52432e-10
0.593313 8.5239e-10
0.59628 8.52347e-10
0.599261 8.52347e-10
0.602258 8.52304e-10
0.605269 8.52304e-10
0.608295 8.52262e-10
0.611337 8.52219e-10
0.614393 8.52219e-10
0.617465 8.52177e-10
0.620553 8.52134e-10
0.623655 8.52134e-10
0.626774 8.52091e-10
0.629908 8.52049e-10
0.633057 8.52049e-10
0.636222 8.52006e-10
0.639403 8.51964e-10
0.6426 8.51964e-10
0.645813 8.51921e-10
0.649043 8.51878e-10
0.652288 8.51836e-10
0.655549 8.51836e-10
0.658827 8.51793e-10
0.662121 8.51751e-10
0.665432 8.51708e-10
0.668759 8.51708e-10
0.672103 8.51666e-10
0.675463 8.51623e-10
0.67884 8.5158e-10
0.682235 8.5158e-10
0.685646 8.51538e-10
0.689074 8.51495e-10
0.692519 8.51453e-10
0.695982 8.5141e-10
0.699462 8.51368e-10
0.702959 8.51368e-10
0.706474 8.51325e-10
0.710006 8.51282e-10
0.713556 8.5124e-10
0.717124 8.51197e-10
0.72071 8.51155e-10
0.724313 8.51112e-10
0.727935 8.5107e-10
0.731575 8.5107e-10
0.735233 8.51027e-10
0.738909 8.50985e-10
0.742603 8.50942e-10
0.746316 8.50899e-10
0.750048 8.50857e-10
0.753798 8.50814e-10
0.757567 8.50772e-10
0.761355 8.50729e-10
0.765162 8.50687e-10
0.768987 8.50644e-10
0.772832 8.50602e-10
0.776697 8.50559e-10
0.78058 8.50517e-10
0.784483 8.50474e-10
0.788405 8.50432e-10
0.792347 8.50389e-10
0.796309 8.50347e-10
0.800291 8.50262e-10
0.804292 8.50219e-10
0.808314 8.50177e-10
0.812355 8.50134e-10
0.816417 8.50092e-10
0.820499 8.50049e-10
0.824602 8.50007e-10
0.828725 8.49922e-10
0.832868 8.49879e-10
0.837032 8.49837e-10
0.841218 8.49793e-10
0.845424 8.49751e-10
0.849651 8.49666e-10
0.853899 8.49623e-10
0.858169 8.49581e-10
0.862459 8.49538e-10
0.866772 8.49453e-10
0.871106 8.49411e-10
0.875461 8.49368e-10
0.879838 8.49283e-10
0.884238 8.49241e-10
0.888659 8.49199e-10
0.893102 8.49114e-10
0.897568 8.49071e-10
0.902055 8.49029e-10
0.906566 8.48944e-10
0.911099 8.48901e-10
0.915654 8.48817e-10
0.920232 8.48774e-10
0.924833 8.48689e-10
0.929458 8.48647e-10
0.934105 8.48562e-10
0.938775 8.4852e-10
0.943469 8.48435e-10
0.948187 8.48392e-10
0.952928 8.48307e-10
0.957692 8.48265e-10
0.962481 8.4818e-10
0.967293 8.48138e-10
0.97213 8.48053e-10
0.97699 8.47968e-10
0.981875 8.47926e-10
0.986785 8.47841e-10
0.991718 8.47756e-10
0.996677 8.47714e-10
1.00166 8.47629e-10
1.00667 8.47544e-10
1.0117 8.4746e-10
1.01676 8.47417e-10
1.02184 8.47333e-10
1.02695 8.47248e-10
1.03209 8.47163e-10
1.03725 8.47078e-10
1.04244 8.46994e-10
1.04765 8.46951e-10
1.05289 8.46867e-10
1.05815 8.46782e-10
1.06344 8.46697e-10
1.06876 8.46613e-10
1.0741 8.46528e-10
1.07947 8.46443e-10
1.08487 8.46359e-10
1.09029 8.46274e-10
1.09575 8.4619e-10
1.10122 8.46105e-10
1.10673 8.45978e-10
1.11226 8.45893e-10
1.11783 8.45809e-10
1.12341 8.45724e-10
1.12903 8.4564e-10
1.13468 8.45554e-10
1.14035 8.45427e-10
1.14605 8.45343e-10
1.15178 8.45258e-10
1.15754 8.45132e-10
1.16333 8.45047e-10
1.16915 8.44963e-10
1.17499 8.44836e-10
1.18087 8.44751e-10
1.18677 8.44625e-10
1.1927 8.4454e-10
1.19867 8.44456e-10
1.20466 8.44329e-10
1.21068 8.44203e-10
1.21674 8.44118e-10
1.22282 8.43992e-10
1.22894 8.43907e-10
1.23508 8.43781e-10
1.24126 8.43654e-10
1.24746 8.4357e-10
1.2537 8.43443e-10
1.25997 8.43317e-10
1.26627 8.4319e-10
1.2726 8.43106e-10
1.27896 8.42979e-10
1.28536 8.42853e-10
1.29178 8.42727e-10
1.29824 8.426e-10
1.30473 8.42474e-10
1.31126 8.42348e-10
1.31781 8.42221e-10
1.3244 8.42095e-10
1.33102 8.41969e-10
1.33768 8.41842e-10
1.34437 8.41716e-10
1.35109 8.41548e-10
1.35785 8.41421e-10
1.36463 8.41294e-10
1.37146 8.41168e-10
1.37832 8.41e-10
1.38521 8.40874e-10
1.39213 8.40748e-10
1.39909 8.4058e-10
1.40609 8.40454e-10
1.41312 8.40286e-10
1.42018 8.4016e-10
1.42729 8.39992e-10
1.43442 8.39866e-10
1.44159 8.39698e-10
1.4488 8.3953e-10
1.45605 8.39404e-10
1.46333 8.39236e-10
1.47064 8.39068e-10
1.478 8.389e-10
1.48539 8.38733e-10
1.49281 8.38565e-10
1.50028 8.38439e-10
1.50778 8.38271e-10
1.51532 8.38062e-10
1.52289 8.37894e-10
1.53051 8.37727e-10
1.53816 8.37559e-10
1.54585 8.37392e-10
1.55358 8.37204e-10
1.56135 8.37036e-10
1.56916 8.36869e-10
1.577 8.3666e-10
1.58489 8.36493e-10
1.59281 8.36283e-10
1.60078 8.36115e-10
1.60878 8.35906e-10
1.61682 8.35739e-10
1.62491 8.3553e-10
1.63303 8.35321e-10
1.6412 8.35113e-10
1.6494 8.34946e-10
1.65765 8.34737e-10
1.66594 8.34528e-10
1.67427 8.3432e-10
1.68264 8.34111e-10
1.69105 8.33903e-10
1.69951 8.33694e-10
1.70801 8.33444e-10
1.71655 8.33236e-10
1.72513 8.33028e-10
1.73375 8.32778e-10
1.74242 8.3257e-10
1.75113 8.32362e-10
1.75989 8.32111e-10
1.76869 8.31903e-10
1.77753 8.31654e-10
1.78642 8.31404e-10
1.79535 8.31155e-10
1.80433 8.30947e-10
1.81335 8.30698e-10
1.82242 8.30449e-10
1.83153 8.302e-10
1.84069 8.29951e-10
1.84989 8.29702e-10
1.85914 8.29411e-10
1.86844 8.29163e-10
1.87778 8.28914e-10
1.88717 8.28624e-10
1.8966 8.28375e-10
1.90609 8.28084e-10
1.91562 8.27836e-10
1.92519 8.27546e-10
1.93482 8.27257e-10
1.94449 8.27009e-10
1.95422 8.26719e-10
1.96399 8.2643e-10
1.97381 8.26141e-10
1.98368 8.25811e-10
1.9936 8.25522e-10
2.00356 8.25233e-10
2.01358 8.24944e-10
2.02365 8.24614e-10
2.03377 8.24326e-10
2.04394 8.23995e-10
2.05416 8.23666e-10
2.06443 8.23377e-10
2.07475 8.23048e-10
2.08512 8.22719e-10
2.09555 8.2239e-10
2.10603 8.22061e-10
2.11656 8.21732e-10
2.12714 8.21363e-10
2.13777 8.21034e-10
2.14846 8.20706e-10
2.15921 8.20337e-10
2.17 8.19967e-10
2.18085 8.19639e-10
2.19176 8.1927e-10
2.20271 8.18902e-10
2.21373 8.18533e-10
2.2248 8.18165e-10
2.23592 8.17756e-10
2.2471 8.17388e-10
2.25834 8.17021e-10
2.26963 8.16612e-10
2.28098 8.16245e-10
2.29238 8.15836e-10
2.30384 8.15428e-10
2.31536 8.15021e-10
2.32694 8.14613e-10
2.33857 8.14206e-10
2.35027 8.13758e-10
2.36202 8.13352e-10
2.37383 8.12945e-10
2.3857 8.12498e-10
2.39763 8.12051e-10
2.40961 8.11604e-10
2.42166 8.11158e-10
2.43377 8.10712e-10
2.44594 8.10266e-10
2.45817 8.09821e-10
2.47046 8.09335e-10
2.48281 8.0885e-10
2.49523 8.08405e-10
2.5077 8.07919e-10
2.52024 8.07435e-10
2.53284 8.0695e-10
2.54551 8.06426e-10
2.55823 8.05942e-10
2.57102 8.05419e-10
2.58388 8.04936e-10
2.5968 8.04413e-10
2.60978 8.03889e-10
2.62283 8.03367e-10
2.63595 8.02805e-10
2.64913 8.02283e-10
2.66237 8.01722e-10
2.67568 8.01161e-10
2.68906 8.0064e-10
2.70251 8.0004e-10
2.71602 7.99487e-10
2.7296 7.98928e-10
2.74325 7.98328e-10
2.75696 7.9773e-10
2.77075 7.97132e-10
2.7846 7.96534e-10
2.79853 7.95937e-10
2.81252 7.9534e-10
2.82658 7.94704e-10
2.84071 7.94068e-10
2.85492 7.93433e-10
2.86919 7.92799e-10
2.88354 7.92165e-10
2.89796 7.91492e-10
2.91245 7.90859e-10
2.92701 7.90186e-10
2.94164 7.89515e-10
2.95635 7.88804e-10
2.97113 7.88134e-10
2.98599 7.87425e-10
3.00092 7.86717e-10
3.01592 7.86009e-10
3.031 7.85262e-10
3.04616 7.84556e-10
3.06139 7.83811e-10
3.07669 7.83067e-10
3.09208 7.82322e-10
3.10754 7.81541e-10
3.12308 7.80799e-10
3.13869 7.80018e-10
3.15439 7.792e-10
3.17016 7.7842e-10
3.18601 7.77603e-10
3.20194 7.76787e-10
3.21795 7.75972e-10
3.23404 7.75158e-10
3.25021 7.74305e-10
3.26646 7.73454e-10
3.28279 7.72603e-10
3.2992 7.71716e-10
3.3157 7.70848e-10
3.33228 7.69962e-10
3.34894 7.69038e-10
3.36569 7.68154e-10
3.38251 7.67233e-10
3.39943 7.66274e-10
3.41642 7.65355e-10
3.43351 7.64399e-10
3.45067 7.63444e-10
3.46793 7.62452e-10
3.48527 7.61461e-10
3.50269 7.60472e-10
3.52021 7.59484e-10
3.53781 7.58459e-10
3.5555 7.57436e-10
3.57327 7.56376e-10
3.59114 7.55317e-10
3.6091 7.54261e-10
3.62714 7.53206e-10
3.64528 7.52114e-10
3.6635 7.50986e-10
3.68182 7.49898e-10
3.70023 7.48737e-10
3.71873 7.47614e-10
3.73732 7.46456e-10
3.75601 7.453e-10
3.77479 7.44108e-10
3.79367 7.42918e-10
3.81263 7.41694e-10
3.8317 7.4047e-10
3.85086 7.39249e-10
3.87011 7.37994e-10
3.88946 7.36722e-10
3.90891 7.35434e-10
3.92845 7.34148e-10
3.94809 7.32828e-10
3.96783 7.31509e-10
3.98767 7.30157e-10
4.00761 7.28807e-10
4.02765 7.27424e-10
4.04779 7.26043e-10
4.06803 7.24628e-10
4.08837 7.23216e-10
4.10881 7.21771e-10
4.12935 7.20293e-10
4.15 7.18818e-10
4.17075 7.17345e-10
4.1916 7.15805e-10
4.21256 7.14302e-10
4.23362 7.12733e-10
4.25479 7.11167e-10
4.27607 7.09568e-10
4.29745 7.07973e-10
4.31893 7.06346e-10
4.34053 7.04688e-10
4.36223 7.03016e-10
4.38404 7.01331e-10
4.40596 6.99614e-10
4.42799 6.97902e-10
4.45013 6.96124e-10
4.47238 6.94352e-10
4.49475 6.92548e-10
4.51722 6.9075e-10
4.53981 6.88887e-10
4.5625 6.8703e-10
4.58532 6.85142e-10
4.60824 6.83227e-10
4.63128 6.81282e-10
4.65444 6.79308e-10
4.67771 6.77308e-10
4.7011 6.75312e-10
4.72461 6.73255e-10
4.74823 6.71177e-10
4.77197 6.691e-10
4.79583 6.66961e-10
4.81981 6.64797e-10
4.84391 6.6264e-10
4.86813 6.60423e-10
4.89247 6.58181e-10
4.91693 6.55915e-10
4.94152 6.5359e-10
4.96622 6.51273e-10
4.99106 6.489e-10
5.01601 6.4652e-10
5.04109 6.44067e-10
5.0663 6.41625e-10
5.09163 6.39127e-10
5.11709 6.36575e-10
5.14267 6.34001e-10
5.16838 6.31407e-10
5.19423 6.2876e-10
5.2202 6.26062e-10
5.2463 6.23345e-10
5.27253 6.20607e-10
5.29889 6.17805e-10
5.32539 6.1497e-10
5.35201 6.12086e-10
5.37877 6.09154e-10
5.40567 6.06176e-10
5.4327 6.03183e-10
5.45986 6.00114e-10
5.48716 5.97001e-10
5.5146 5.93845e-10
5.54217 5.90661e-10
5.56988 5.87392e-10
5.59773 5.84082e-10
5.62572 5.80733e-10
5.65385 5.77345e-10
5.68212 5.73862e-10
5.71053 5.70343e-10
5.73908 5.66789e-10
5.76777 5.6315e-10
5.79661 5.59445e-10
5.8256 5.55681e-10
5.85472 5.5186e-10
5.884 5.47982e-10
5.91342 5.44037e-10
5.94298 5.39999e-10
5.9727 5.35909e-10
6.00256 5.31745e-10
6.03258 5.27508e-10
6.06274 5.23173e-10
6.09305 5.18784e-10
6.12352 5.14315e-10
6.15413 5.09731e-10
6.18491 5.05088e-10
6.21583 5.00337e-10
6.24691 4.95495e-10
6.27814 4.90564e-10
6.30953 4.85536e-10
6.34108 4.80392e-10
6.37279 4.7514e-10
6.40465 4.69777e-10
6.43667 4.64312e-10
6.46886 4.58704e-10
6.5012 4.52994e-10
6.53371 4.4712e-10
6.56638 4.41146e-10
6.59921 4.35001e-10
6.6322 4.28717e-10
6.66537 4.2227e-10
6.69869 4.1566e-10
6.73219 4.08878e-10
6.76585 4.01904e-10
6.79968 3.94738e-10
6.83367 3.87365e-10
6.86784 3.7978e-10
6.90218 3.71942e-10
6.93669 3.63875e-10
6.97138 3.5553e-10
7.00623 3.46916e-10
7.04126 3.37977e-10
7.07647 3.28696e-10
7.11185 3.19052e-10
7.14741 3.09011e-10
7.18315 2.9853e-10
7.21907 2.87563e-10
7.25516 2.76026e-10
7.29144 2.63872e-10
7.32789 2.50995e-10
7.36453 2.37285e-10
7.40136 2.2259e-10
7.43836 2.0668e-10
7.47555 1.89264e-10
7.51293 1.69878e-10
7.5505 1.47754e-10
7.58825 1.21396e-10
7.62619 8.7094e-11
7.66432 1.82763e-11
7.70264 8.56471e-11
7.74116 1.20984e-10
7.77986 1.48476e-10
7.81876 1.71946e-10
7.85786 1.92808e-10
7.89714 2.11812e-10
7.93663 2.29421e-10
7.97631 2.45945e-10
8.0162 2.61573e-10
8.05628 2.76455e-10
8.09656 2.9073e-10
8.13704 3.04455e-10
8.17773 3.17731e-10
8.21861 3.30592e-10
8.25971 3.43086e-10
8.30101 3.55263e-10
8.34251 3.67166e-10
8.38422 3.78794e-10
8.42614 3.90185e-10
8.46828 4.01382e-10
8.51062 4.12369e-10
8.55317 4.23179e-10
8.59594 4.33829e-10
8.63892 4.44312e-10
8.68211 4.54674e-10
8.72552 4.64893e-10
8.76915 4.74998e-10
8.81299 4.84978e-10
8.85706 4.94875e-10
8.90134 5.04659e-10
8.94585 5.1434e-10
8.99058 5.23959e-10
9.03553 5.33503e-10
9.08071 5.4295e-10
9.12611 5.52329e-10
9.17174 5.61659e-10
9.2176 5.70914e-10
9.26369 5.80124e-10
9.31001 5.89275e-10
9.35656 5.98376e-10
9.40334 6.07421e-10
9.45036 6.16448e-10
9.49761 6.25405e-10
9.5451 6.3435e-10
9.59282 6.43231e-10
9.64079 6.52088e-10
9.68899 6.60919e-10
9.73744 6.69702e-10
9.78612 6.78494e-10
9.83506 6.87236e-10
9.88423 6.9595e-10
9.93365 7.04653e-10
9.98332 7.13339e-10
10.0332 7.21988e-10
10.0834 7.30632e-10
10.1338 7.39249e-10
10.1845 7.47876e-10
10.2354 7.56452e-10
10.2866 7.65049e-10
10.338 7.73608e-10
10.3897 7.82205e-10
10.4417 7.9074e-10
10.4939 7.99287e-10
10.5463 8.07838e-10
10.5991 8.16367e-10
10.6521 8.24903e-10
10.7053 8.33444e-10
10.7589 8.41969e-10
10.8126 8.50517e-10
10.8667 8.59023e-10
10.921 8.6757e-10
10.9756 8.76116e-10
11.0305 8.84633e-10
11.0857 8.93167e-10
11.1411 9.01694e-10
11.1968 9.10257e-10
11.2528 9.18786e-10
11.3091 9.27325e-10
11.3656 9.35897e-10
11.4224 9.44453e-10
11.4795 9.53032e-10
11.5369 9.61649e-10
11.5946 9.70246e-10
11.6526 9.78824e-10
11.7109 9.87427e-10
11.7694 9.96081e-10
11.8283 1.00468e-09
11.8874 1.01331e-09
11.9468 1.02202e-09
12.0066 1.03069e-09
12.0666 1.03933e-09
12.1269 1.04807e-09
12.1876 1.05676e-09
12.2485 1.06551e-09
12.3098 1.07423e-09
12.3713 1.08297e-09
12.4332 1.09175e-09
12.4953 1.10058e-09
12.5578 1.10936e-09
12.6206 1.11822e-09
12.6837 1.12703e-09
12.7471 1.1359e-09
12.8109 1.1448e-09
12.8749 1.15371e-09
12.9393 1.16263e-09
13.004 1.17156e-09
13.069 1.18056e-09
13.1343 1.18953e-09
13.2 1.19855e-09
13.266 1.20757e-09
13.3323 1.2166e-09
13.399 1.2257e-09
13.466 1.23481e-09
13.5333 1.24389e-09
13.601 1.25306e-09
13.669 1.26225e-09
13.7373 1.27143e-09
13.806 1.28062e-09
13.8751 1.28988e-09
13.9444 1.29916e-09
14.0142 1.30849e-09
14.0842 1.31781e-09
14.1547 1.32714e-09
14.2254 1.33653e-09
14.2966 1.34591e-09
14.368 1.35536e-09
14.4399 1.36481e-09
14.5121 1.37433e-09
14.5846 1.38385e-09
14.6576 1.39336e-09
14.7309 1.40294e-09
14.8045 1.41262e-09
14.8785 1.42226e-09
14.9529 1.4319e-09
15.0277 1.44159e-09
15.1028 1.45136e-09
15.1783 1.46112e-09
15.2542 1.47094e-09
15.3305 1.48072e-09
15.4072 1.4906e-09
15.4842 1.50047e-09
15.5616 1.51041e-09
15.6394 1.52041e-09
15.7176 1.5304e-09
15.7962 1.54039e-09
15.8752 1.55047e-09
15.9546 1.56058e-09
16.0343 1.57076e-09
16.1145 1.58093e-09
16.1951 1.59108e-09
16.2761 1.60136e-09
16.3574 1.61164e-09
16.4392 1.62199e-09
16.5214 1.63233e-09
16.604 1.64273e-09
16.687 1.65311e-09
16.7705 1.66364e-09
16.8543 1.67407e-09
16.9386 1.6847e-09
17.0233 1.69526e-09
17.1084 1.70589e-09
17.194 1.7165e-09
17.2799 1.72726e-09
17.3663 1.73801e-09
17.4532 1.74882e-09
17.5404 1.75956e-09
17.6281 1.77051e-09
17.7163 1.78134e-09
17.8048 1.79233e-09
17.8939 1.8033e-09
17.9833 1.81433e-09
18.0733 1.82544e-09
18.1636 1.83656e-09
18.2544 1.84771e-09
18.3457 1.85892e-09
18.4374 1.8702e-09
18.5296 1.88146e-09
18.6223 1.89288e-09
18.7154 1.90425e-09
18.809 1.91562e-09
18.903 1.92715e-09
18.9975 1.93865e-09
19.0925 1.95022e-09
19.188 1.96186e-09
19.2839 1.97357e-09
19.3803 1.98525e-09
19.4772 1.99705e-09
19.5746 2.00877e-09
19.6725 2.02065e-09
19.7709 2.03262e-09
19.8697 2.04454e-09
19.9691 2.05654e-09
20.0689 2.06861e-09
20.1692 2.08074e-09
20.2701 2.0929e-09
20.3714 2.10508e-09
20.4733 2.11732e-09
20.5757 2.12964e-09
20.6785 2.14203e-09
20.7819 2.15438e-09
20.8858 2.16681e-09
20.9903 2.17942e-09
21.0952 2.19193e-09
21.2007 2.20457e-09
21.3067 2.21728e-09
21.4132 2.22996e-09
21.5203 2.24271e-09
21.6279 2.25564e-09
21.7361 2.26852e-09
21.8447 2.28149e-09
21.954 2.29442e-09
22.0637 2.30753e-09
22.174 2.32061e-09
22.2849 2.33376e-09
22.3963 2.34699e-09
22.5083 2.36028e-09
22.6209 2.3736e-09
22.734 2.38705e-09
22.8476 2.40058e-09
22.9619 2.41406e-09
23.0767 2.42762e-09
23.1921 2.44125e-09
23.308 2.45496e-09
23.4246 2.46875e-09
23.5417 2.48255e-09
23.6594 2.49637e-09
23.7777 2.51039e-09
23.8966 2.52437e-09
24.0161 2.53842e-09
24.1361 2.55254e-09
24.2568 2.56676e-09
24.3781 2.58104e-09
24.5 2.59534e-09
24.6225 2.60966e-09
24.7456 2.62418e-09
24.8693 2.63866e-09
24.9937 2.65321e-09
25.1187 2.66785e-09
25.2443 2.68256e-09
25.3705 2.69733e-09
25.4973 2.71221e-09
25.6248 2.72704e-09
25.7529 2.74208e-09
25.8817 2.75706e-09
26.0111 2.77227e-09
26.1412 2.78743e-09
26.2719 2.80266e-09
26.4032 2.81791e-09
26.5352 2.83331e-09
26.6679 2.84879e-09
26.8013 2.86436e-09
26.9353 2.87987e-09
27.0699 2.89561e-09
27.2053 2.9113e-09
27.3413 2.92706e-09
27.478 2.94306e-09
27.6154 2.95892e-09
27.7535 2.97494e-09
27.8923 2.99105e-09
28.0317 3.00725e-09
28.1719 3.02354e-09
28.3127 3.03976e-09
28.4543 3.05622e-09
28.5966 3.07262e-09
28.7396 3.08918e-09
28.8833 3.10591e-09
29.0277 3.12257e-09
29.1728 3.13932e-09
29.3187 3.15616e-09
29.4653 3.1731e-09
29.6126 3.19012e-09
29.7607 3.20721e-09
29.9095 3.22441e-09
30.059 3.24171e-09
30.2093 3.25894e-09
30.3603 3.27643e-09
30.5122 3.29384e-09
30.6647 3.31151e-09
30.818 3.32911e-09
30.9721 3.34681e-09
31.127 3.36467e-09
31.2826 3.38256e-09
31.439 3.40054e-09
31.5962 3.41861e-09
31.7542 3.43678e-09
31.913 3.45504e-09
32.0725 3.47341e-09
32.2329 3.49187e-09
32.3941 3.51033e-09
32.556 3.52899e-09
32.7188 3.54757e-09
32.8824 3.56642e-09
33.0468 3.5852e-09
33.2121 3.60425e-09
33.3781 3.62323e-09
33.545 3.6423e-09
33.7127 3.66148e-09
33.8813 3.68084e-09
34.0507 3.70022e-09
34.221 3.7197e-09
34.3921 3.73928e-09
34.564 3.75897e-09
34.7369 3.77876e-09
34.9105 3.79865e-09
35.0851 3.81861e-09
35.2605 3.83852e-09
35.4368 3.85873e-09
35.614 3.87905e-09
35.7921 3.89927e-09
35.971 3.9198e-09
36.1509 3.94024e-09
36.3316 3.96099e-09
36.5133 3.98164e-09
36.6959 4.00249e-09
36.8793 4.02337e-09
37.0637 4.04435e-09
37.2491 4.06543e-09
37.4353 4.08684e-09
37.6225 4.10815e-09
37.8106 4.12957e-09
37.9996 4.1511e-09
38.1896 4.17264e-09
38.3806 4.19439e-09
38.5725 4.21626e-09
38.7654 4.23825e-09
38.9592 4.26013e-09
39.154 4.28235e-09
39.3498 4.30468e-09
39.5465 4.32712e-09
39.7442 4.34947e-09
39.943 4.37203e-09
40.1427 4.39483e-09
40.3434 4.41753e-09
40.5451 4.44056e-09
40.7478 4.46349e-09
40.9516 4.48654e-09
41.1563 4.50993e-09
41.3621 4.53318e-09
41.5689 4.55682e-09
41.7768 4.58035e-09
41.9856 4.604e-09
42.1956 4.62778e-09
42.4065 4.65168e-09
42.6186 4.6757e-09
42.8317 4.69984e-09
43.0458 4.72411e-09
43.2611 4.74862e-09
43.4774 4.77314e-09
43.6948 4.79779e-09
43.9132 4.82257e-09
44.1328 4.84747e-09
44.3535 4.87226e-09
44.5752 4.89742e-09
44.7981 4.92271e-09
45.0221 4.94813e-09
45.2472 4.97355e-09
45.4734 4.99924e-09
45.7008 5.0248e-09
45.9293 5.05075e-09
46.159 5.07658e-09
46.3897 5.10279e-09
46.6217 5.12889e-09
46.8548 5.15537e-09
47.0891 5.18174e-09
47.3245 5.20836e-09
47.5611 5.23526e-09
47.799 5.26203e-09
48.0379 5.2892e-09
48.2781 5.31625e-09
48.5195 5.34343e-09
48.7621 5.37076e-09
49.0059 5.39844e-09
49.251 5.42605e-09
49.4972 5.4538e-09
49.7447 5.48169e-09
49.9934 5.50999e-09
50.2434 5.53817e-09
50.4946 5.56649e-09
50.7471 5.59496e-09
51.0008 5.62357e-09
51.2558 5.65246e-09
51.5121 5.68137e-09
51.7697 5.71042e-09
52.0285 5.73962e-09
52.2887 5.76868e-09
52.5501 5.79818e-09
52.8129 5.82783e-09
53.0769 5.85763e-09
53.3423 5.88759e-09
53.609 5.91754e-09
53.8771 5.9478e-09
54.1464 5.97822e-09
54.4172 6.00879e-09
54.6893 6.03922e-09
54.9627 6.0701e-09
55.2375 6.10114e-09
55.5137 6.13234e-09
55.7913 6.16339e-09
56.0702 6.19475e-09
56.3506 6.22643e-09
56.6323 6.25827e-09
56.9155 6.28995e-09
57.2001 6.32212e-09
57.4861 6.35413e-09
57.7735 6.38662e-09
58.0624 6.41923e-09
58.3527 6.45173e-09
58.6445 6.48472e-09
58.9377 6.51756e-09
59.2324 6.55056e-09
59.5285 6.58406e-09
59.8262 6.61739e-09
60.1253 6.65123e-09
60.4259 6.68491e-09
60.7281 6.71892e-09
61.0317 6.75295e-09
61.3369 6.78748e-09
61.6435 6.82185e-09
61.9518 6.85639e-09
62.2615 6.8911e-09
62.5728 6.92634e-09
62.8857 6.96141e-09
63.2001 6.99666e-09
63.5161 7.03226e-09
63.8337 7.06787e-09
64.1529 7.10366e-09
64.4736 7.13998e-09
64.796 7.17614e-09
65.12 7.21247e-09
65.4456 7.24899e-09
65.7728 7.2857e-09
66.1017 7.32259e-09
66.4322 7.35984e-09
66.7643 7.39711e-09
67.0982 7.43457e-09
67.4336 7.47221e-09
67.7708 7.51004e-09
68.1097 7.54807e-09
68.4502 7.58629e-09
68.7925 7.62464e-09
69.1364 7.66324e-09
69.4821 7.70205e-09
69.8295 7.74104e-09
70.1787 7.78024e-09
70.5296 7.81963e-09
70.8822 7.85923e-09
71.2366 7.89902e-09
71.5928 7.93902e-09
71.9508 7.97902e-09
72.3105 8.01942e-09
72.6721 8.06002e-09
73.0354 8.10083e-09
73.4006 8.14185e-09
73.7676 8.18267e-09
74.1365 8.2241e-09
74.5071 8.26574e-09
74.8797 8.3076e-09
75.2541 8.34945e-09
75.6303 8.39172e-09
76.0085 8.43422e-09
76.3885 8.4765e-09
76.7705 8.51942e-09
77.1543 8.56256e-09
77.5401 8.60591e-09
77.9278 8.64905e-09
78.3174 8.69285e-09
78.709 8.73664e-09
79.1026 8.78088e-09
79.4981 8.82534e-09
79.8956 8.86958e-09
80.2951 8.91449e-09
80.6965 8.95963e-09
81.1 9.00455e-09
81.5055 9.05014e-09
81.913 9.09589e-09
82.3226 9.14149e-09
82.7342 9.18777e-09
83.1479 9.23429e-09
83.5636 9.28059e-09
83.9815 9.32758e-09
84.4014 9.37434e-09
84.8234 9.42181e-09
85.2475 9.46904e-09
85.6737 9.51721e-09
86.1021 9.56492e-09
86.5326 9.61335e-09
86.9653 9.66154e-09
87.4001 9.71048e-09
87.8371 9.75916e-09
88.2763 9.80857e-09
88.7177 9.85774e-09
89.1612 9.90766e-09
89.607 9.95756e-09
90.0551 1.00075e-08
90.5054 1.00581e-08
90.9579 1.01086e-08
91.4127 1.01592e-08
91.8697 1.02107e-08
92.3291 1.02619e-08
92.7907 1.03138e-08
93.2547 1.03655e-08
93.721 1.04178e-08
94.1896 1.047e-08
94.6605 1.0523e-08
95.1338 1.05758e-08
95.6095 1.06293e-08
96.0875 1.06826e-08
96.568 1.07361e-08
97.0508 1.07904e-08
97.5361 1.08445e-08
98.0237 1.08994e-08
98.5139 1.09541e-08
99.0064 1.1009e-08
99.5015 1.10647e-08
99.999 1.11202e-08
