0.1 2.25401e-10
0.1005 2.25401e-10
0.101002 2.25401e-10
0.101508 2.25401e-10
0.102015 2.25401e-10
0.102525 2.25401e-10
0.103038 2.25401e-10
0.103553 2.25401e-10
0.104071 2.25401e-10
0.104591 2.25401e-10
0.105114 2.25401e-10
0.10564 2.25401e-10
0.106168 2.25401e-10
0.106699 2.25401e-10
0.107232 2.25401e-10
0.107768 2.25401e-10
0.108307 2.25401e-10
0.108849 2.25401e-10
0.109393 2.25401e-10
0.10994 2.25401e-10
0.11049 2.25401e-10
0.111042 2.25401e-10
0.111597 2.25401e-10
0.112155 2.25401e-10
0.112716 2.25401e-10
0.11328 2.25401e-10
0.113846 2.25401e-10
0.114415 2.25401e-10
0.114987 2.25401e-10
0.115562 2.25401e-10
0.11614 2.25401e-10
0.116721 2.25401e-10
0.117304 2.25401e-10
0.117891 2.25401e-10
0.11848 2.25401e-10
0.119073 2.25401e-10
0.119668 2.25401e-10
0.120266 2.25401e-10
0.120868 2.25401e-10
0.121472 2.25401e-10
0.122079 2.25401e-10
0.12269 2.25401e-10
0.123303 2.25401e-10
0.12392 2.25401e-10
0.124539 2.25401e-10
0.125162 2.25401e-10
0.125788 2.25401e-10
0.126417 2.25401e-10
0.127049 2.25401e-10
0.127684 2.25401e-10
0.128323 2.25401e-10
0.128964 2.25401e-10
0.129609 2.25401e-10
0.130257 2.25401e-10
0.130908 2.25401e-10
0.131563 2.25401e-10
0.132221 2.25401e-10
0.132882 2.25401e-10
0.133546 2.25401e-10
0.134214 2.25401e-10
0.134885 2.25401e-10
0.135559 2.25401e-10
0.136237 2.2539e-10
0.136918 2.2539e-10
0.137603 2.2539e-10
0.138291 2.2539e-10
0.138982 2.2539e-10
0.139677 2.2539e-10
0.140376 2.2539e-10
0.141078 2.2539e-10
0.141783 2.2539e-10
0.142492 2.2539e-10
0.143204 2.2539e-10
0.14392 2.2539e-10
0.14464 2.2539e-10
0.145363 2.2539e-10
0.14609 2.2539e-10
0.146821 2.2539e-10
0.147555 2.2539e-10
0.148292 2.2539e-10
0.149034 2.2539e-10
0.149779 2.2539e-10
0.150528 2.2539e-10
0.151281 2.2539e-10
0.152037 2.2539e-10
0.152797 2.2539e-10
0.153561 2.2539e-10
0.154329 2.2539e-10
0.155101 2.2539e-10
0.155876 2.2539e-10
0.156655 2.2539e-10
0.157439 2.2539e-10
0.158226 2.2539e-10
0.159017 2.2539e-10
0.159812 2.2539e-10
0.160611 2.2539e-10
0.161414 2.2539e-10
0.162221 2.2539e-10
0.163032 2.2539e-10
0.163848 2.2539e-10
0.164667 2.2539e-10
0.16549 2.2539e-10
0.166318 2.2539e-10
0.167149 2.2539e-10
0.167985 2.2539e-10
0.168825 2.2539e-10
0.169669 2.2539e-10
0.170517 2.2539e-10
0.17137 2.2539e-10
0.172227 2.2539e-10
0.173088 2.2539e-10
0.173953 2.2539e-10
0.174823 2.2539e-10
0.175697 2.2539e-10
0.176576 2.2539e-10
0.177459 2.2539e-10
0.178346 2.2539e-10
0.179238 2.2539e-10
0.180134 2.2539e-10
0.181035 2.2539e-10
0.18194 2.2539e-10
0.182849 2.2539e-10
0.183764 2.25378e-10
0.184682 2.25378e-10
0.185606 2.25378e-10
0.186534 2.25378e-10
0.187467 2.25378e-10
0.188404 2.25378e-10
0.189346 2.25378e-10
0.190293 2.25378e-10
0.191244 2.25378e-10
0.1922 2.25378e-10
0.193161 2.25378e-10
0.194127 2.25378e-10
0.195098 2.25378e-10
0.196073 2.25378e-10
0.197054 2.25378e-10
0.198039 2.25378e-10
0.199029 2.25378e-10
0.200024 2.25378e-10
0.201024 2.25378e-10
0.202029 2.25378e-10
0.20304 2.25378e-10
0.204055 2.25378e-10
0.205075 2.25378e-10
0.2061 2.25378e-10
0.207131 2.25378e-10
0.208167 2.25378e-10
0.209207 2.25378e-10
0.210253 2.25378e-10
0.211305 2.25378e-10
0.212361 2.25378e-10
0.213423 2.25378e-10
0.21449 2.25378e-10
0.215563 2.25378e-10
0.21664 2.25378e-10
0.217724 2.25378e-10
0.218812 2.25378e-10
0.219906 2.25378e-10
0.221006 2.25367e-10
0.222111 2.25367e-10
0.223221 2.25367e-10
0.224338 2.25367e-10
0.225459 2.25367e-10
0.226587 2.25367e-10
0.227719 2.25367e-10
0.228858 2.25367e-10
0.230002 2.25367e-10
0.231152 2.25367e-10
0.232308 2.25367e-10
0.23347 2.25367e-10
0.234637 2.25367e-10
0.23581 2.25367e-10
0.236989 2.25367e-10
0.238174 2.25367e-10
0.239365 2.25367e-10
0.240562 2.25367e-10
0.241765 2.25367e-10
0.242974 2.25367e-10
0.244188 2.25367e-10
0.245409 2.25367e-10
0.246636 2.25367e-10
0.24787 2.25367e-10
0.249109 2.25367e-10
0.250354 2.25367e-10
0.251606 2.25367e-10
0.252864 2.25356e-10
0.254129 2.25356e-10
0.255399 2.25356e-10
0.256676 2.25356e-10
0.25796 2.25356e-10
0.259249 2.25356e-10
0.260546 2.25356e-10
0.261848 2.25356e-10
0.263158 2.25356e-10
0.264473 2.25356e-10
0.265796 2.25356e-10
0.267125 2.25356e-10
0.26846 2.25356e-10
0.269803 2.25356e-10
0.271152 2.25356e-10
0.272507 2.25356e-10
0.27387 2.25356e-10
0.275239 2.25356e-10
0.276616 2.25356e-10
0.277999 2.25356e-10
0.279389 2.25356e-10
0.280786 2.25345e-10
0.282189 2.25345e-10
0.2836 2.25345e-10
0.285018 2.25345e-10
0.286444 2.25345e-10
0.287876 2.25345e-10
0.289315 2.25345e-10
0.290762 2.25345e-10
0.292216 2.25345e-10
0.293677 2.25345e-10
0.295145 2.25345e-10
0.296621 2.25345e-10
0.298104 2.25345e-10
0.299594 2.25345e-10
0.301092 2.25345e-10
0.302598 2.25345e-10
0.304111 2.25345e-10
0.305631 2.25345e-10
0.307159 2.25333e-10
0.308695 2.25333e-10
0.310239 2.25333e-10
0.31179 2.25333e-10
0.313349 2.25333e-10
0.314916 2.25333e-10
0.31649 2.25333e-10
0.318073 2.25333e-10
0.319663 2.25333e-10
0.321261 2.25333e-10
0.322868 2.25333e-10
0.324482 2.25333e-10
0.326104 2.25333e-10
0.327735 2.25333e-10
0.329374 2.25322e-10
0.33102 2.25322e-10
0.332676 2.25322e-10
0.334339 2.25322e-10
0.336011 2.25322e-10
0.337691 2.25322e-10
0.339379 2.25322e-10
0.341076 2.25322e-10
0.342781 2.25322e-10
0.344495 2.25322e-10
0.346218 2.25322e-10
0.347949 2.25322e-10
0.349689 2.25322e-10
0.351437 2.25311e-10
0.353194 2.25311e-10
0.35496 2.25311e-10
0.356735 2.25311e-10
0.358519 2.25311e-10
0.360311 2.25311e-10
0.362113 2.25311e-10
0.363923 2.25311e-10
0.365743 2.25311e-10
0.367572 2.25311e-10
0.36941 2.25311e-10
0.371257 2.25311e-10
0.373113 2.253e-10
0.374978 2.253e-10
0.376853 2.253e-10
0.378738 2.253e-10
0.380631 2.253e-10
0.382535 2.253e-10
0.384447 2.253e-10
0.386369 2.253e-10
0.388301 2.253e-10
0.390243 2.253e-10
0.392194 2.25288e-10
0.394155 2.25288e-10
0.396126 2.25288e-10
0.398106 2.25288e-10
0.400097 2.25288e-10
0.402097 2.25288e-10
0.404108 2.25288e-10
0.406128 2.25288e-10
0.408159 2.25288e-10
0.4102 2.25288e-10
0.412251 2.25277e-10
0.414312 2.25277e-10
0.416384 2.25277e-10
0.418466 2.25277e-10
0.420558 2.25277e-10
0.422661 2.25277e-10
0.424774 2.25277e-10
0.426898 2.25277e-10
0.429032 2.25266e-10
0.431178 2.25266e-10
0.433333 2.25266e-10
0.4355 2.25266e-10
0.437678 2.25266e-10
0.439866 2.25266e-10
0.442065 2.25266e-10
0.444276 2.25266e-10
0.446497 2.25255e-10
0.448729 2.25255e-10
0.450973 2.25255e-10
0.453228 2.25255e-10
0.455494 2.25255e-10
0.457772 2.25255e-10
0.46006 2.25255e-10
0.462361 2.25243e-10
0.464673 2.25243e-10
0.466996 2.25243e-10
0.469331 2.25243e-10
0.471678 2.25243e-10
0.474036 2.25243e-10
0.476406 2.25243e-10
0.478788 2.25232e-10
0.481182 2.25232e-10
0.483588 2.25232e-10
0.486006 2.25232e-10
0.488436 2.25232e-10
0.490878 2.25232e-10
0.493333 2.25221e-10
0.495799 2.25221e-10
0.498278 2.25221e-10
0.50077 2.25221e-10
0.503273 2.25221e-10
0.50579 2.25221e-10
0.508319 2.2521e-10
0.51086 2.2521e-10
0.513415 2.2521e-10
0.515982 2.2521e-10
0.518562 2.2521e-10
0.521154 2.2521e-10
0.52376 2.25198e-10
0.526379 2.25198e-10
0.529011 2.25198e-10
0.531656 2.25198e-10
0.534314 2.25198e-10
0.536986 2.25187e-10
0.539671 2.25187e-10
0.542369 2.25187e-10
0.545081 2.25187e-10
0.547806 2.25187e-10
0.550545 2.25176e-10
0.553298 2.25176e-10
0.556065 2.25176e-10
0.558845 2.25176e-10
0.561639 2.25176e-10
0.564447 2.25164e-10
0.56727 2.25164e-10
0.570106 2.25164e-10
0.572956 2.25164e-10
0.575821 2.25164e-10
0.5787 2.25153e-10
0.581594 2.25153e-10
0.584502 2.25153e-10
0.587424 2.25153e-10
0.590361 2.25142e-10
0.593313 2.25142e-10
0.59628 2.25142e-10
0.599261 2.25142e-10
0.602258 2.25142e-10
0.605269 2.25131e-10
0.608295 2.25131e-10
0.611337 2.25131e-10
0.614393 2.25131e-10
0.617465 2.25119e-10
0.620553 2.25119e-10
0.623655 2.25119e-10
0.626774 2.25108e-10
0.629908 2.25108e-10
0.633057 2.25108e-10
0.636222 2.25108e-10
0.639403 2.25097e-10
0.6426 2.25097e-10
0.645813 2.25097e-10
0.649043 2.25097e-10
0.652288 2.25086e-10
0.655549 2.25086e-10
0.658827 2.25086e-10
0.662121 2.25074e-10
0.665432 2.25074e-10
0.668759 2.25074e-10
0.672103 2.25074e-10
0.675463 2.25063e-10
0.67884 2.25063e-10
0.682235 2.25063e-10
0.685646 2.25052e-10
0.689074 2.25052e-10
0.692519 2.25052e-10
0.695982 2.25041e-10
0.699462 2.25041e-10
0.702959 2.25041e-10
0.706474 2.25029e-10
0.710006 2.25029e-10
0.713556 2.25029e-10
0.717124 2.25018e-10
0.72071 2.25018e-10
0.724313 2.25018e-10
0.727935 2.25007e-10
0.731575 2.25007e-10
0.735233 2.25007e-10
0.738909 2.24996e-10
0.742603 2.24996e-10
0.746316 2.24996e-10
0.750048 2.24984e-10
0.753798 2.24984e-10
0.757567 2.24973e-10
0.761355 2.24973e-10
0.765162 2.24973e-10
0.768987 2.24962e-10
0.772832 2.24962e-10
0.776697 2.24951e-10
0.78058 2.24951e-10
0.784483 2.24951e-10
0.788405 2.24939e-10
0.792347 2.24939e-10
0.796309 2.24928e-10
0.800291 2.24928e-10
0.804292 2.24917e-10
0.808314 2.24917e-10
0.812355 2.24917e-10
0.816417 2.24906e-10
0.820499 2.24906e-10
0.824602 2.24894e-10
0.828725 2.24894e-10
0.832868 2.24883e-10
0.837032 2.24883e-10
0.841218 2.24872e-10
0.845424 2.24872e-10
0.849651 2.24861e-10
0.853899 2.24861e-10
0.858169 2.2485e-10
0.862459 2.2485e-10
0.866772 2.24838e-10
0.871106 2.24838e-10
0.875461 2.24827e-10
0.879838 2.24827e-10
0.884238 2.24816e-10
0.888659 2.24816e-10
0.893102 2.24805e-10
0.897568 2.24805e-10
0.902055 2.24793e-10
0.906566 2.24793e-10
0.911099 2.24782e-10
0.915654 2.24782e-10
0.920232 2.24771e-10
0.924833 2.24771e-10
0.929458 2.2476e-10
0.934105 2.24748e-10
0.938775 2.24748e-10
0.943469 2.24737e-10
0.948187 2.24737e-10
0.952928 2.24726e-10
0.957692 2.24715e-10
0.962481 2.24715e-10
0.967293 2.24703e-10
0.97213 2.24692e-10
0.97699 2.24692e-10
0.981875 2.24681e-10
0.986785 2.24681e-10
0.991718 2.2467e-10
0.996677 2.24658e-10
1.00166 2.24658e-10
1.00667 2.24647e-10
1.0117 2.24636e-10
1.01676 2.24636e-10
1.02184 2.24625e-10
1.02695 2.24614e-10
1.03209 2.24602e-10
1.03725 2.24602e-10
1.04244 2.24591e-10
1.04765 2.2458e-10
1.05289 2.2458e-10
1.05815 2.24568e-10
1.06344 2.24557e-10
1.06876 2.24546e-10
1.0741 2.24546e-10
1.07947 2.24535e-10
1.08487 2.24523e-10
1.09029 2.24512e-10
1.09575 2.24501e-10
1.10122 2.24501e-10
1.10673 2.2449e-10
1.11226 2.24479e-10
1.11783 2.24467e-10
1.12341 2.24456e-10
1.12903 2.24445e-10
1.13468 2.24445e-10
1.14035 2.24434e-10
1.14605 2.24422e-10
1.15178 2.24411e-10
1.15754 2.244e-10
1.16333 2.24389e-10
1.16915 2.24378e-10
1.17499 2.24366e-10
1.18087 2.24355e-10
1.18677 2.24344e-10
1.1927 2.24333e-10
1.19867 2.24322e-10
1.20466 2.2431e-10
1.21068 2.2431e-10
1.21674 2.24299e-10
1.22282 2.24288e-10
1.22894 2.24277e-10
1.23508 2.24254e-10
1.24126 2.24243e-10
1.24746 2.24232e-10
1.2537 2.24221e-10
1.25997 2.24209e-10
1.26627 2.24198e-10
1.2726 2.24187e-10
1.27896 2.24176e-10
1.28536 2.24165e-10
1.29178 2.24153e-10
1.29824 2.24142e-10
1.30473 2.24131e-10
1.31126 2.24109e-10
1.31781 2.24097e-10
1.3244 2.24086e-10
1.33102 2.24075e-10
1.33768 2.24064e-10
1.34437 2.24041e-10
1.35109 2.2403e-10
1.35785 2.24019e-10
1.36463 2.24008e-10
1.37146 2.23997e-10
1.37832 2.23974e-10
1.38521 2.23963e-10
1.39213 2.23952e-10
1.39909 2.23929e-10
1.40609 2.23918e-10
1.41312 2.23907e-10
1.42018 2.23885e-10
1.42729 2.23873e-10
1.43442 2.23862e-10
1.44159 2.2384e-10
1.4488 2.23829e-10
1.45605 2.23806e-10
1.46333 2.23795e-10
1.47064 2.23773e-10
1.478 2.23761e-10
1.48539 2.23739e-10
1.49281 2.23728e-10
1.50028 2.23706e-10
1.50778 2.23694e-10
1.51532 2.23672e-10
1.52289 2.23661e-10
1.53051 2.23638e-10
1.53816 2.23627e-10
1.54585 2.23605e-10
1.55358 2.23583e-10
1.56135 2.23571e-10
1.56916 2.23549e-10
1.577 2.23527e-10
1.58489 2.23515e-10
1.59281 2.23493e-10
1.60078 2.23471e-10
1.60878 2.23459e-10
1.61682 2.23437e-10
1.62491 2.23415e-10
1.63303 2.23392e-10
1.6412 2.2337e-10
1.6494 2.23359e-10
1.65765 2.23337e-10
1.66594 2.23314e-10
1.67427 2.23292e-10
1.68264 2.2327e-10
1.69105 2.23247e-10
1.69951 2.23225e-10
1.70801 2.23203e-10
1.71655 2.2318e-10
1.72513 2.23158e-10
1.73375 2.23136e-10
1.74242 2.23113e-10
1.75113 2.23091e-10
1.75989 2.23069e-10
1.76869 2.23046e-10
1.77753 2.23024e-10
1.78642 2.23002e-10
1.79535 2.22968e-10
1.80433 2.22946e-10
1.81335 2.22924e-10
1.82242 2.22901e-10
1.83153 2.22868e-10
1.84069 2.22846e-10
1.84989 2.22823e-10
1.85914 2.22801e-10
1.86844 2.22768e-10
1.87778 2.22746e-10
1.88717 2.22712e-10
1.8966 2.2269e-10
1.90609 2.22656e-10
1.91562 2.22634e-10
1.92519 2.22601e-10
1.93482 2.22579e-10
1.94449 2.22545e-10
1.95422 2.22523e-10
1.96399 2.2249e-10
1.97381 2.22456e-10
1.98368 2.22434e-10
1.9936 2.22401e-10
2.00356 2.22367e-10
2.01358 2.22345e-10
2.02365 2.22311e-10
2.03377 2.22278e-10
2.04394 2.22245e-10
2.05416 2.22211e-10
2.06443 2.22178e-10
2.07475 2.22145e-10
2.08512 2.22123e-10
2.09555 2.22089e-10
2.10603 2.22045e-10
2.11656 2.22011e-10
2.12714 2.21978e-10
2.13777 2.21945e-10
2.14846 2.21912e-10
2.15921 2.21878e-10
2.17 2.21845e-10
2.18085 2.21801e-10
2.19176 2.21767e-10
2.20271 2.21734e-10
2.21373 2.2169e-10
2.2248 2.21657e-10
2.23592 2.21623e-10
2.2471 2.21579e-10
2.25834 2.21546e-10
2.26963 2.21501e-10
2.28098 2.21468e-10
2.29238 2.21424e-10
2.30384 2.2138e-10
2.31536 2.21347e-10
2.32694 2.21302e-10
2.33857 2.21258e-10
2.35027 2.21214e-10
2.36202 2.2118e-10
2.37383 2.21136e-10
2.3857 2.21092e-10
2.39763 2.21048e-10
2.40961 2.21003e-10
2.42166 2.20959e-10
2.43377 2.20915e-10
2.44594 2.20871e-10
2.45817 2.20816e-10
2.47046 2.20772e-10
2.48281 2.20727e-10
2.49523 2.20683e-10
2.5077 2.20628e-10
2.52024 2.20584e-10
2.53284 2.20529e-10
2.54551 2.20485e-10
2.55823 2.2043e-10
2.57102 2.20386e-10
2.58388 2.20331e-10
2.5968 2.20286e-10
2.60978 2.20231e-10
2.62283 2.20176e-10
2.63595 2.20121e-10
2.64913 2.20066e-10
2.66237 2.20011e-10
2.67568 2.19967e-10
2.68906 2.19901e-10
2.70251 2.19846e-10
2.71602 2.19791e-10
2.7296 2.19736e-10
2.74325 2.19681e-10
2.75696 2.19626e-10
2.77075 2.19561e-10
2.7846 2.19506e-10
2.79853 2.1944e-10
2.81252 2.19385e-10
2.82658 2.19319e-10
2.84071 2.19264e-10
2.85492 2.19199e-10
2.86919 2.19133e-10
2.88354 2.19073e-10
2.89796 2.19007e-10
2.91245 2.18941e-10
2.92701 2.18876e-10
2.94164 2.1881e-10
2.95635 2.18744e-10
2.97113 2.18668e-10
2.98599 2.18602e-10
3.00092 2.18536e-10
3.01592 2.1846e-10
3.031 2.18394e-10
3.04616 2.18318e-10
3.06139 2.18253e-10
3.07669 2.18176e-10
3.09208 2.181e-10
3.10754 2.18034e-10
3.12308 2.17958e-10
3.13869 2.17882e-10
3.15439 2.17806e-10
3.17016 2.17718e-10
3.18601 2.17642e-10
3.20194 2.17566e-10
3.21795 2.1749e-10
3.23404 2.17403e-10
3.25021 2.17327e-10
3.26646 2.1724e-10
3.28279 2.17153e-10
3.2992 2.17077e-10
3.3157 2.1699e-10
3.33228 2.16903e-10
3.34894 2.16817e-10
3.36569 2.1673e-10
3.38251 2.16632e-10
3.39943 2.16546e-10
3.41642 2.16459e-10
3.43351 2.16362e-10
3.45067 2.16275e-10
3.46793 2.16178e-10
3.48527 2.16081e-10
3.50269 2.15994e-10
3.52021 2.15897e-10
3.53781 2.158e-10
3.5555 2.15692e-10
3.57327 2.15595e-10
3.59114 2.15498e-10
3.6091 2.1539e-10
3.62714 2.15293e-10
3.64528 2.15186e-10
3.6635 2.15078e-10
3.68182 2.14981e-10
3.70023 2.14874e-10
3.71873 2.14766e-10
3.73732 2.14648e-10
3.75601 2.14541e-10
3.77479 2.14434e-10
3.79367 2.14316e-10
3.81263 2.14198e-10
3.8317 2.14091e-10
3.85086 2.13973e-10
3.87011 2.13855e-10
3.88946 2.13738e-10
3.90891 2.1361e-10
3.92845 2.13492e-10
3.94809 2.13375e-10
3.96783 2.13247e-10
3.98767 2.13119e-10
4.00761 2.12991e-10
4.02765 2.12863e-10
4.04779 2.12735e-10
4.06803 2.12608e-10
4.08837 2.1247e-10
4.10881 2.12342e-10
4.12935 2.12204e-10
4.15 2.12066e-10
4.17075 2.11928e-10
4.1916 2.11791e-10
4.21256 2.11643e-10
4.23362 2.11505e-10
4.25479 2.11357e-10
4.27607 2.1122e-10
4.29745 2.11072e-10
4.31893 2.10924e-10
4.34053 2.10766e-10
4.36223 2.10618e-10
4.38404 2.10461e-10
4.40596 2.10313e-10
4.42799 2.10155e-10
4.45013 2.09998e-10
4.47238 2.0983e-10
4.49475 2.09673e-10
4.51722 2.09505e-10
4.53981 2.09337e-10
4.5625 2.09175e-10
4.58532 2.09008e-10
4.60824 2.0883e-10
4.63128 2.08663e-10
4.65444 2.08486e-10
4.67771 2.08309e-10
4.7011 2.08132e-10
4.72461 2.07955e-10
4.74823 2.07768e-10
4.77197 2.07581e-10
4.79583 2.07394e-10
4.81981 2.07208e-10
4.84391 2.07021e-10
4.86813 2.06825e-10
4.89247 2.06628e-10
4.91693 2.06432e-10
4.94152 2.06236e-10
4.96622 2.0603e-10
4.99106 2.05834e-10
5.01601 2.05618e-10
5.04109 2.05413e-10
5.0663 2.05207e-10
5.09163 2.04992e-10
5.11709 2.04777e-10
5.14267 2.04562e-10
5.16838 2.04337e-10
5.19423 2.04112e-10
5.2202 2.03888e-10
5.2463 2.03663e-10
5.27253 2.0344e-10
5.29889 2.03206e-10
5.32539 2.02972e-10
5.35201 2.02729e-10
5.37877 2.02486e-10
5.40567 2.02243e-10
5.4327 2.02e-10
5.45986 2.01748e-10
5.48716 2.01506e-10
5.5146 2.01244e-10
5.54217 2.00993e-10
5.56988 2.00731e-10
5.59773 2.00471e-10
5.62572 2.002e-10
5.65385 1.99932e-10
5.68212 1.99662e-10
5.71053 1.99383e-10
5.73908 1.99104e-10
5.76777 1.98825e-10
5.79661 1.98537e-10
5.8256 1.98249e-10
5.85472 1.97962e-10
5.884 1.97665e-10
5.91342 1.97369e-10
5.94298 1.97063e-10
5.9727 1.96758e-10
6.00256 1.96453e-10
6.03258 1.96139e-10
6.06274 1.95825e-10
6.09305 1.95502e-10
6.12352 1.9518e-10
6.15413 1.94858e-10
6.18491 1.94527e-10
6.21583 1.94187e-10
6.24691 1.93848e-10
6.27814 1.93508e-10
6.30953 1.93161e-10
6.34108 1.92808e-10
6.37279 1.92452e-10
6.40465 1.92096e-10
6.43667 1.91732e-10
6.46886 1.91367e-10
6.5012 1.90995e-10
6.53371 1.90613e-10
6.56638 1.90232e-10
6.59921 1.89843e-10
6.6322 1.89454e-10
6.66537 1.89056e-10
6.69869 1.88659e-10
6.73219 1.88254e-10
6.76585 1.8784e-10
6.79968 1.87428e-10
6.83367 1.87006e-10
6.86784 1.86586e-10
6.90218 1.86148e-10
6.93669 1.8572e-10
6.97138 1.85275e-10
7.00623 1.84831e-10
7.04126 1.84379e-10
7.07647 1.83914e-10
7.11185 1.83454e-10
7.14741 1.82978e-10
7.18315 1.82503e-10
7.21907 1.8202e-10
7.25516 1.81538e-10
7.29144 1.81039e-10
7.32789 1.80542e-10
7.36453 1.80028e-10
7.40136 1.79516e-10
7.43836 1.78996e-10
7.47555 1.78468e-10
7.51293 1.77934e-10
7.5505 1.77392e-10
7.58825 1.76843e-10
7.62619 1.76287e-10
7.66432 1.75719e-10
7.70264 1.75149e-10
7.74116 1.74572e-10
7.77986 1.73988e-10
7.81876 1.73388e-10
7.85786 1.72791e-10
7.89714 1.72179e-10
7.93663 1.7156e-10
7.97631 1.70926e-10
8.0162 1.70295e-10
8.05628 1.69649e-10
8.09656 1.68988e-10
8.13704 1.68322e-10
8.17773 1.67652e-10
8.21861 1.66966e-10
8.25971 1.66274e-10
8.30101 1.65569e-10
8.34251 1.64858e-10
8.38422 1.64134e-10
8.42614 1.63397e-10
8.46828 1.62647e-10
8.51062 1.61897e-10
8.55317 1.61121e-10
8.59594 1.60342e-10
8.63892 1.5955e-10
8.68211 1.58746e-10
8.72552 1.57923e-10
8.76915 1.57096e-10
8.81299 1.5625e-10
8.85706 1.55393e-10
8.90134 1.54521e-10
8.94585 1.53635e-10
8.99058 1.52731e-10
9.03553 1.51817e-10
9.08071 1.50879e-10
9.12611 1.49931e-10
9.17174 1.48967e-10
9.2176 1.47983e-10
9.26369 1.4698e-10
9.31001 1.45962e-10
9.35656 1.44922e-10
9.40334 1.43861e-10
9.45036 1.42778e-10
9.49761 1.41676e-10
9.5451 1.40548e-10
9.59282 1.394e-10
9.64079 1.38227e-10
9.68899 1.3703e-10
9.73744 1.35799e-10
9.78612 1.34541e-10
9.83506 1.33249e-10
9.88423 1.31923e-10
9.93365 1.30558e-10
9.98332 1.29159e-10
10.0332 1.27714e-10
10.0834 1.26221e-10
10.1338 1.24672e-10
10.1845 1.23065e-10
10.2354 1.21384e-10
10.2866 1.19624e-10
10.338 1.17768e-10
10.3897 1.15794e-10
10.4417 1.13685e-10
10.4939 1.11401e-10
10.5463 1.08886e-10
10.5991 1.06086e-10
10.6521 1.02902e-10
10.7053 9.92238e-11
10.7589 9.49213e-11
10.8126 8.99286e-11
10.8667 8.44477e-11
10.921 7.92977e-11
10.9756 7.61329e-11
11.0305 7.64381e-11
11.0857 7.95599e-11
11.1411 8.31787e-11
11.1968 8.56257e-11
11.2528 8.65728e-11
11.3091 8.63394e-11
11.3656 8.5288e-11
11.4224 8.36877e-11
11.4795 8.16987e-11
11.5369 7.94169e-11
11.5946 7.68943e-11
11.6526 7.41527e-11
11.7109 7.11932e-11
11.7694 6.79978e-11
11.8283 6.45245e-11
11.8874 6.07011e-11
11.9468 5.63869e-11
12.0066 5.13583e-11
12.0666 4.52395e-11
12.1269 3.7782e-11
12.1876 3.12883e-11
12.2485 3.56946e-11
12.3098 4.16913e-11
12.3713 4.71625e-11
12.4332 5.19134e-11
12.4953 5.61393e-11
12.5578 6.00339e-11
12.6206 6.37196e-11
12.6837 6.72673e-11
12.7471 7.07107e-11
12.8109 7.40712e-11
12.8749 7.73571e-11
12.9393 8.05809e-11
13.004 8.37463e-11
13.069 8.68591e-11
13.1343 8.99196e-11
13.2 9.29298e-11
13.266 9.58994e-11
13.3323 9.88226e-11
13.399 1.01705e-10
13.466 1.04551e-10
13.5333 1.07356e-10
13.601 1.10127e-10
13.669 1.1287e-10
13.7373 1.1558e-10
13.806 1.18258e-10
13.8751 1.20911e-10
13.9444 1.23533e-10
14.0142 1.26139e-10
14.0842 1.28714e-10
14.1547 1.31272e-10
14.2254 1.33803e-10
14.2966 1.36316e-10
14.368 1.38816e-10
14.4399 1.41288e-10
14.5121 1.43753e-10
14.5846 1.46196e-10
14.6576 1.48632e-10
14.7309 1.51045e-10
14.8045 1.53451e-10
14.8785 1.55844e-10
14.9529 1.58223e-10
15.0277 1.60591e-10
15.1028 1.62949e-10
15.1783 1.65296e-10
15.2542 1.67635e-10
15.3305 1.69963e-10
15.4072 1.72291e-10
15.4842 1.74607e-10
15.5616 1.76914e-10
15.6394 1.79211e-10
15.7176 1.81511e-10
15.7962 1.83803e-10
15.8752 1.86083e-10
15.9546 1.88367e-10
16.0343 1.90642e-10
16.1145 1.9291e-10
16.1951 1.9518e-10
16.2761 1.97438e-10
16.3574 1.99702e-10
16.4392 2.0196e-10
16.5214 2.04214e-10
16.604 2.06463e-10
16.687 2.08716e-10
16.7705 2.10966e-10
16.8543 2.13215e-10
16.9386 2.15465e-10
17.0233 2.17707e-10
17.1084 2.19956e-10
17.194 2.222e-10
17.2799 2.24445e-10
17.3663 2.2669e-10
17.4532 2.28934e-10
17.5404 2.31183e-10
17.6281 2.33425e-10
17.7163 2.35677e-10
17.8048 2.37925e-10
17.8939 2.40172e-10
17.9833 2.42428e-10
18.0733 2.44681e-10
18.1636 2.46931e-10
18.2544 2.49195e-10
18.3457 2.51448e-10
18.4374 2.53709e-10
18.5296 2.55977e-10
18.6223 2.5824e-10
18.7154 2.6051e-10
18.809 2.62779e-10
18.903 2.6505e-10
18.9975 2.67326e-10
19.0925 2.69608e-10
19.188 2.71896e-10
19.2839 2.74183e-10
19.3803 2.76482e-10
19.4772 2.78773e-10
19.5746 2.81069e-10
19.6725 2.83381e-10
19.7709 2.85686e-10
19.8697 2.87995e-10
19.9691 2.90323e-10
20.0689 2.9264e-10
20.1692 2.94962e-10
20.2701 2.97294e-10
20.3714 2.99637e-10
20.4733 3.01969e-10
20.5757 3.04318e-10
20.6785 3.06671e-10
20.7819 3.09026e-10
20.8858 3.11392e-10
20.9903 3.13768e-10
21.0952 3.1613e-10
21.2007 3.1851e-10
21.3067 3.20909e-10
21.4132 3.23292e-10
21.5203 3.25702e-10
21.6279 3.28105e-10
21.7361 3.30509e-10
21.8447 3.32931e-10
21.954 3.35354e-10
22.0637 3.37791e-10
22.174 3.40215e-10
22.2849 3.42674e-10
22.3963 3.45116e-10
22.5083 3.47575e-10
22.6209 3.50035e-10
22.734 3.5252e-10
22.8476 3.54997e-10
22.9619 3.57491e-10
23.0767 3.59984e-10
23.1921 3.62477e-10
23.308 3.64987e-10
23.4246 3.67515e-10
23.5417 3.70031e-10
23.6594 3.72576e-10
23.7777 3.75118e-10
23.8966 3.77659e-10
24.0161 3.80217e-10
24.1361 3.82792e-10
24.2568 3.85366e-10
24.3781 3.87947e-10
24.5 3.90536e-10
24.6225 3.93142e-10
24.7456 3.95746e-10
24.8693 3.98367e-10
24.9937 4.00981e-10
25.1187 4.03616e-10
25.2443 4.06269e-10
25.3705 4.08919e-10
25.4973 4.11586e-10
25.6248 4.1427e-10
25.7529 4.16951e-10
25.8817 4.19639e-10
26.0111 4.22333e-10
26.1412 4.25046e-10
26.2719 4.27775e-10
26.4032 4.305e-10
26.5352 4.33243e-10
26.6679 4.35982e-10
26.8013 4.38748e-10
26.9353 4.41521e-10
27.0699 4.44312e-10
27.2053 4.47098e-10
27.3413 4.49901e-10
27.478 4.527e-10
27.6154 4.55538e-10
27.7535 4.58372e-10
27.8923 4.61211e-10
28.0317 4.64057e-10
28.1719 4.6692e-10
28.3127 4.698e-10
28.4543 4.72699e-10
28.5966 4.75592e-10
28.7396 4.78498e-10
28.8833 4.81426e-10
29.0277 4.84348e-10
29.1728 4.87311e-10
29.3187 4.90245e-10
29.4653 4.9322e-10
29.6126 4.96214e-10
29.7607 4.99187e-10
29.9095 5.02192e-10
30.059 5.05214e-10
30.2093 5.0823e-10
30.3603 5.11289e-10
30.5122 5.1434e-10
30.6647 5.17384e-10
30.818 5.20472e-10
30.9721 5.23565e-10
31.127 5.26664e-10
31.2826 5.29781e-10
31.439 5.32916e-10
31.5962 5.36043e-10
31.7542 5.39189e-10
31.913 5.42353e-10
32.0725 5.45549e-10
32.2329 5.48723e-10
32.3941 5.51942e-10
32.556 5.55153e-10
32.7188 5.58383e-10
32.8824 5.61631e-10
33.0468 5.64899e-10
33.2121 5.68151e-10
33.3781 5.71457e-10
33.545 5.74753e-10
33.7127 5.78067e-10
33.8813 5.81401e-10
34.0507 5.84725e-10
34.221 5.88097e-10
34.3921 5.9146e-10
34.564 5.94855e-10
34.7369 5.98257e-10
34.9105 6.01677e-10
35.0851 6.05086e-10
35.2605 6.08545e-10
35.4368 6.11994e-10
35.614 6.15462e-10
35.7921 6.18949e-10
35.971 6.22472e-10
36.1509 6.25969e-10
36.3316 6.29516e-10
36.5133 6.33083e-10
36.6959 6.36638e-10
36.8793 6.40214e-10
37.0637 6.4381e-10
37.2491 6.47426e-10
37.4353 6.51045e-10
37.6225 6.54702e-10
37.8106 6.58346e-10
37.9996 6.62044e-10
38.1896 6.65729e-10
38.3806 6.69434e-10
38.5725 6.73154e-10
38.7654 6.76901e-10
38.9592 6.80669e-10
39.154 6.84423e-10
39.3498 6.88233e-10
39.5465 6.92029e-10
39.7442 6.95846e-10
39.943 6.99719e-10
40.1427 7.03579e-10
40.3434 7.07441e-10
40.5451 7.11344e-10
40.7478 7.15268e-10
40.9516 7.19177e-10
41.1563 7.23144e-10
41.3621 7.27096e-10
41.5689 7.3107e-10
41.7768 7.35066e-10
41.9856 7.39102e-10
42.1956 7.43141e-10
42.4065 7.47203e-10
42.6186 7.51287e-10
42.8317 7.55355e-10
43.0458 7.59484e-10
43.2611 7.63597e-10
43.4774 7.6777e-10
43.6948 7.71947e-10
43.9132 7.76127e-10
44.1328 7.8033e-10
44.3535 7.84556e-10
44.5752 7.88804e-10
44.7981 7.93076e-10
45.0221 7.97331e-10
45.2472 8.01642e-10
45.4734 8.05983e-10
45.7008 8.10307e-10
45.9293 8.14695e-10
46.159 8.19065e-10
46.3897 8.2346e-10
46.6217 8.27878e-10
46.8548 8.3232e-10
47.0891 8.36827e-10
47.3245 8.41294e-10
47.5611 8.45809e-10
47.799 8.50347e-10
48.0379 8.54866e-10
48.2781 8.59452e-10
48.5195 8.64063e-10
48.7621 8.68655e-10
49.0059 8.73272e-10
49.251 8.77935e-10
49.4972 8.82645e-10
49.7447 8.87336e-10
49.9934 8.92052e-10
50.2434 8.96793e-10
50.4946 9.01559e-10
50.7471 9.0635e-10
51.0008 9.11167e-10
51.2558 9.1601e-10
51.5121 9.20855e-10
51.7697 9.25749e-10
52.0285 9.30623e-10
52.2887 9.3557e-10
52.5501 9.40495e-10
52.8129 9.45493e-10
53.0769 9.50471e-10
53.3423 9.55513e-10
53.609 9.60543e-10
53.8771 9.65601e-10
54.1464 9.70684e-10
54.4172 9.75794e-10
54.6893 9.80931e-10
54.9627 9.86095e-10
55.2375 9.91287e-10
55.5137 9.9653e-10
55.7913 1.00173e-09
56.0702 1.007e-09
56.3506 1.0123e-09
56.6323 1.01758e-09
56.9155 1.02294e-09
57.2001 1.02832e-09
57.4861 1.03368e-09
57.7735 1.03912e-09
58.0624 1.04452e-09
58.3527 1.05001e-09
58.6445 1.05549e-09
58.9377 1.06099e-09
59.2324 1.06658e-09
59.5285 1.07214e-09
59.8262 1.07773e-09
60.1253 1.08335e-09
60.4259 1.089e-09
60.7281 1.0947e-09
61.0317 1.10036e-09
61.3369 1.10609e-09
61.6435 1.11186e-09
61.9518 1.11766e-09
62.2615 1.12349e-09
62.5728 1.12935e-09
62.8857 1.13517e-09
63.2001 1.14109e-09
63.5161 1.14704e-09
63.8337 1.15296e-09
64.1529 1.15897e-09
64.4736 1.16496e-09
64.796 1.17103e-09
65.12 1.17708e-09
65.4456 1.18322e-09
65.7728 1.18929e-09
66.1017 1.1955e-09
66.4322 1.20167e-09
66.7643 1.20788e-09
67.0982 1.21411e-09
67.4336 1.22044e-09
67.7708 1.22675e-09
68.1097 1.23308e-09
68.4502 1.23942e-09
68.7925 1.24582e-09
69.1364 1.25225e-09
69.4821 1.25872e-09
69.8295 1.26522e-09
70.1787 1.27175e-09
70.5296 1.27832e-09
70.8822 1.28492e-09
71.2366 1.29155e-09
71.5928 1.29819e-09
71.9508 1.30489e-09
72.3105 1.31157e-09
72.6721 1.31834e-09
73.0354 1.32515e-09
73.4006 1.33192e-09
73.7676 1.3388e-09
74.1365 1.34564e-09
74.5071 1.35258e-09
74.8797 1.3595e-09
75.2541 1.36652e-09
75.6303 1.37351e-09
76.0085 1.3806e-09
76.3885 1.38766e-09
76.7705 1.39483e-09
77.1543 1.40196e-09
77.5401 1.40916e-09
77.9278 1.41637e-09
78.3174 1.42361e-09
78.709 1.43089e-09
79.1026 1.43828e-09
79.4981 1.44564e-09
79.8956 1.45303e-09
80.2951 1.46046e-09
80.6965 1.46793e-09
81.1 1.47547e-09
81.5055 1.48302e-09
81.913 1.4906e-09
82.3226 1.49822e-09
82.7342 1.50588e-09
83.1479 1.51358e-09
83.5636 1.52132e-09
83.9815 1.5291e-09
84.4014 1.53692e-09
84.8234 1.54474e-09
85.2475 1.55264e-09
85.6737 1.56058e-09
86.1021 1.56848e-09
86.5326 1.57651e-09
86.9653 1.58457e-09
87.4001 1.59267e-09
87.8371 1.6008e-09
88.2763 1.60891e-09
88.7177 1.61713e-09
89.1612 1.6254e-09
89.607 1.63363e-09
90.0551 1.64199e-09
90.5054 1.65038e-09
90.9579 1.65874e-09
91.4127 1.66722e-09
91.8697 1.6757e-09
92.3291 1.68419e-09
92.7907 1.6928e-09
93.2547 1.70137e-09
93.721 1.71007e-09
94.1896 1.71873e-09
94.6605 1.72752e-09
95.1338 1.73627e-09
95.6095 1.74515e-09
96.0875 1.75394e-09
96.568 1.76291e-09
97.0508 1.77183e-09
97.5361 1.7809e-09
98.0237 1.78991e-09
98.5139 1.79898e-09
99.0064 1.80808e-09
99.5015 1.81733e-09
99.999 1.82653e-09
