0.1 2.47884e-10
0.1005 2.47884e-10
0.101002 2.47884e-10
0.101508 2.47884e-10
0.102015 2.47884e-10
0.102525 2.47884e-10
0.103038 2.47884e-10
0.103553 2.47884e-10
0.104071 2.47884e-10
0.104591 2.47884e-10
0.105114 2.47884e-10
0.10564 2.47884e-10
0.106168 2.47884e-10
0.106699 2.47884e-10
0.107232 2.47884e-10
0.107768 2.47884e-10
0.108307 2.47884e-10
0.108849 2.47884e-10
0.109393 2.47871e-10
0.10994 2.47871e-10
0.11049 2.47871e-10
0.111042 2.47871e-10
0.111597 2.47871e-10
0.112155 2.47871e-10
0.112716 2.47871e-10
0.11328 2.47871e-10
0.113846 2.47871e-10
0.114415 2.47871e-10
0.114987 2.47871e-10
0.115562 2.47871e-10
0.11614 2.47871e-10
0.116721 2.47871e-10
0.117304 2.47871e-10
0.117891 2.47871e-10
0.11848 2.47871e-10
0.119073 2.47871e-10
0.119668 2.47871e-10
0.120266 2.47871e-10
0.120868 2.47871e-10
0.121472 2.47871e-10
0.122079 2.47871e-10
0.12269 2.47871e-10
0.123303 2.47871e-10
0.12392 2.47871e-10
0.124539 2.47871e-10
0.125162 2.47871e-10
0.125788 2.47871e-10
0.126417 2.47871e-10
0.127049 2.47871e-10
0.127684 2.47871e-10
0.128323 2.47871e-10
0.128964 2.47871e-10
0.129609 2.47871e-10
0.130257 2.47871e-10
0.130908 2.47871e-10
0.131563 2.47871e-10
0.132221 2.47871e-10
0.132882 2.47871e-10
0.133546 2.47871e-10
0.134214 2.47871e-10
0.134885 2.47871e-10
0.135559 2.47871e-10
0.136237 2.47871e-10
0.136918 2.47871e-10
0.137603 2.47871e-10
0.138291 2.47871e-10
0.138982 2.47871e-10
0.139677 2.47871e-10
0.140376 2.47871e-10
0.141078 2.47871e-10
0.141783 2.47871e-10
0.142492 2.47871e-10
0.143204 2.47871e-10
0.14392 2.47871e-10
0.14464 2.47871e-10
0.145363 2.47871e-10
0.14609 2.47871e-10
0.146821 2.47871e-10
0.147555 2.47871e-10
0.148292 2.47871e-10
0.149034 2.47871e-10
0.149779 2.47871e-10
0.150528 2.47871e-10
0.151281 2.47871e-10
0.152037 2.47871e-10
0.152797 2.47871e-10
0.153561 2.47871e-10
0.154329 2.47871e-10
0.155101 2.47871e-10
0.155876 2.47871e-10
0.156655 2.47871e-10
0.157439 2.47871e-10
0.158226 2.47871e-10
0.159017 2.47871e-10
0.159812 2.47871e-10
0.160611 2.47871e-10
0.161414 2.47871e-10
0.162221 2.47871e-10
0.163032 2.47871e-10
0.163848 2.47871e-10
0.164667 2.47871e-10
0.16549 2.47871e-10
0.166318 2.47871e-10
0.167149 2.47871e-10
0.167985 2.47871e-10
0.168825 2.47871e-10
0.169669 2.47871e-10
0.170517 2.47871e-10
0.17137 2.47871e-10
0.172227 2.47871e-10
0.173088 2.47871e-10
0.173953 2.47871e-10
0.174823 2.47871e-10
0.175697 2.47871e-10
0.176576 2.47871e-10
0.177459 2.47871e-10
0.178346 2.47871e-10
0.179238 2.47871e-10
0.180134 2.47871e-10
0.181035 2.47871e-10
0.18194 2.47871e-10
0.182849 2.47871e-10
0.183764 2.47871e-10
0.184682 2.47871e-10
0.185606 2.47871e-10
0.186534 2.47871e-10
0.187467 2.47871e-10
0.188404 2.47871e-10
0.189346 2.47871e-10
0.190293 2.47871e-10
0.191244 2.47871e-10
0.1922 2.47871e-10
0.193161 2.47871e-10
0.194127 2.47871e-10
0.195098 2.47871e-10
0.196073 2.47871e-10
0.197054 2.47871e-10
0.198039 2.47871e-10
0.199029 2.47871e-10
0.200024 2.47871e-10
0.201024 2.47871e-10
0.202029 2.47859e-10
0.20304 2.47859e-10
0.204055 2.47859e-10
0.205075 2.47859e-10
0.2061 2.47859e-10
0.207131 2.47859e-10
0.208167 2.47859e-10
0.209207 2.47859e-10
0.210253 2.47859e-10
0.211305 2.47859e-10
0.212361 2.47859e-10
0.213423 2.47859e-10
0.21449 2.47859e-10
0.215563 2.47859e-10
0.21664 2.47859e-10
0.217724 2.47859e-10
0.218812 2.47859e-10
0.219906 2.47859e-10
0.221006 2.47859e-10
0.222111 2.47859e-10
0.223221 2.47859e-10
0.224338 2.47859e-10
0.225459 2.47859e-10
0.226587 2.47859e-10
0.227719 2.47859e-10
0.228858 2.47859e-10
0.230002 2.47859e-10
0.231152 2.47859e-10
0.232308 2.47859e-10
0.23347 2.47859e-10
0.234637 2.47859e-10
0.23581 2.47859e-10
0.236989 2.47859e-10
0.238174 2.47859e-10
0.239365 2.47859e-10
0.240562 2.47859e-10
0.241765 2.47859e-10
0.242974 2.47859e-10
0.244188 2.47859e-10
0.245409 2.47859e-10
0.246636 2.47859e-10
0.24787 2.47859e-10
0.249109 2.47859e-10
0.250354 2.47859e-10
0.251606 2.47859e-10
0.252864 2.47859e-10
0.254129 2.47859e-10
0.255399 2.47859e-10
0.256676 2.47859e-10
0.25796 2.47859e-10
0.259249 2.47859e-10
0.260546 2.47859e-10
0.261848 2.47859e-10
0.263158 2.47846e-10
0.264473 2.47846e-10
0.265796 2.47846e-10
0.267125 2.47846e-10
0.26846 2.47846e-10
0.269803 2.47846e-10
0.271152 2.47846e-10
0.272507 2.47846e-10
0.27387 2.47846e-10
0.275239 2.47846e-10
0.276616 2.47846e-10
0.277999 2.47846e-10
0.279389 2.47846e-10
0.280786 2.47846e-10
0.282189 2.47846e-10
0.2836 2.47846e-10
0.285018 2.47846e-10
0.286444 2.47846e-10
0.287876 2.47846e-10
0.289315 2.47846e-10
0.290762 2.47846e-10
0.292216 2.47846e-10
0.293677 2.47846e-10
0.295145 2.47846e-10
0.296621 2.47846e-10
0.298104 2.47846e-10
0.299594 2.47846e-10
0.301092 2.47846e-10
0.302598 2.47846e-10
0.304111 2.47846e-10
0.305631 2.47846e-10
0.307159 2.47846e-10
0.308695 2.47846e-10
0.310239 2.47846e-10
0.31179 2.47846e-10
0.313349 2.47834e-10
0.314916 2.47834e-10
0.31649 2.47834e-10
0.318073 2.47834e-10
0.319663 2.47834e-10
0.321261 2.47834e-10
0.322868 2.47834e-10
0.324482 2.47834e-10
0.326104 2.47834e-10
0.327735 2.47834e-10
0.329374 2.47834e-10
0.33102 2.47834e-10
0.332676 2.47834e-10
0.334339 2.47834e-10
0.336011 2.47834e-10
0.337691 2.47834e-10
0.339379 2.47834e-10
0.341076 2.47834e-10
0.342781 2.47834e-10
0.344495 2.47834e-10
0.346218 2.47834e-10
0.347949 2.47834e-10
0.349689 2.47834e-10
0.351437 2.47834e-10
0.353194 2.47834e-10
0.35496 2.47834e-10
0.356735 2.47822e-10
0.358519 2.47822e-10
0.360311 2.47822e-10
0.362113 2.47822e-10
0.363923 2.47822e-10
0.365743 2.47822e-10
0.367572 2.47822e-10
0.36941 2.47822e-10
0.371257 2.47822e-10
0.373113 2.47822e-10
0.374978 2.47822e-10
0.376853 2.47822e-10
0.378738 2.47822e-10
0.380631 2.47822e-10
0.382535 2.47822e-10
0.384447 2.47822e-10
0.386369 2.47822e-10
0.388301 2.47822e-10
0.390243 2.47822e-10
0.392194 2.47822e-10
0.394155 2.47809e-10
0.396126 2.47809e-10
0.398106 2.47809e-10
0.400097 2.47809e-10
0.402097 2.47809e-10
0.404108 2.47809e-10
0.406128 2.47809e-10
0.408159 2.47809e-10
0.4102 2.47809e-10
0.412251 2.47809e-10
0.414312 2.47809e-10
0.416384 2.47809e-10
0.418466 2.47809e-10
0.420558 2.47809e-10
0.422661 2.47809e-10
0.424774 2.47809e-10
0.426898 2.47809e-10
0.429032 2.47797e-10
0.431178 2.47797e-10
0.433333 2.47797e-10
0.4355 2.47797e-10
0.437678 2.47797e-10
0.439866 2.47797e-10
0.442065 2.47797e-10
0.444276 2.47797e-10
0.446497 2.47797e-10
0.448729 2.47797e-10
0.450973 2.47797e-10
0.453228 2.47797e-10
0.455494 2.47797e-10
0.457772 2.47797e-10
0.46006 2.47797e-10
0.462361 2.47784e-10
0.464673 2.47784e-10
0.466996 2.47784e-10
0.469331 2.47784e-10
0.471678 2.47784e-10
0.474036 2.47784e-10
0.476406 2.47784e-10
0.478788 2.47784e-10
0.481182 2.47784e-10
0.483588 2.47784e-10
0.486006 2.47784e-10
0.488436 2.47784e-10
0.490878 2.47772e-10
0.493333 2.47772e-10
0.495799 2.47772e-10
0.498278 2.47772e-10
0.50077 2.47772e-10
0.503273 2.47772e-10
0.50579 2.47772e-10
0.508319 2.47772e-10
0.51086 2.47772e-10
0.513415 2.47772e-10
0.515982 2.47772e-10
0.518562 2.47772e-10
0.521154 2.4776e-10
0.52376 2.4776e-10
0.526379 2.4776e-10
0.529011 2.4776e-10
0.531656 2.4776e-10
0.534314 2.4776e-10
0.536986 2.4776e-10
0.539671 2.4776e-10
0.542369 2.4776e-10
0.545081 2.4776e-10
0.547806 2.47747e-10
0.550545 2.47747e-10
0.553298 2.47747e-10
0.556065 2.47747e-10
0.558845 2.47747e-10
0.561639 2.47747e-10
0.564447 2.47747e-10
0.56727 2.47747e-10
0.570106 2.47747e-10
0.572956 2.47735e-10
0.575821 2.47735e-10
0.5787 2.47735e-10
0.581594 2.47735e-10
0.584502 2.47735e-10
0.587424 2.47735e-10
0.590361 2.47735e-10
0.593313 2.47735e-10
0.59628 2.47723e-10
0.599261 2.47723e-10
0.602258 2.47723e-10
0.605269 2.47723e-10
0.608295 2.47723e-10
0.611337 2.47723e-10
0.614393 2.47723e-10
0.617465 2.47723e-10
0.620553 2.4771e-10
0.623655 2.4771e-10
0.626774 2.4771e-10
0.629908 2.4771e-10
0.633057 2.4771e-10
0.636222 2.4771e-10
0.639403 2.4771e-10
0.6426 2.47698e-10
0.645813 2.47698e-10
0.649043 2.47698e-10
0.652288 2.47698e-10
0.655549 2.47698e-10
0.658827 2.47698e-10
0.662121 2.47698e-10
0.665432 2.47685e-10
0.668759 2.47685e-10
0.672103 2.47685e-10
0.675463 2.47685e-10
0.67884 2.47685e-10
0.682235 2.47685e-10
0.685646 2.47673e-10
0.689074 2.47673e-10
0.692519 2.47673e-10
0.695982 2.47673e-10
0.699462 2.47673e-10
0.702959 2.47673e-10
0.706474 2.47661e-10
0.710006 2.47661e-10
0.713556 2.47661e-10
0.717124 2.47661e-10
0.72071 2.47661e-10
0.724313 2.47661e-10
0.727935 2.47648e-10
0.731575 2.47648e-10
0.735233 2.47648e-10
0.738909 2.47648e-10
0.742603 2.47648e-10
0.746316 2.47636e-10
0.750048 2.47636e-10
0.753798 2.47636e-10
0.757567 2.47636e-10
0.761355 2.47636e-10
0.765162 2.47623e-10
0.768987 2.47623e-10
0.772832 2.47623e-10
0.776697 2.47623e-10
0.78058 2.47623e-10
0.784483 2.47611e-10
0.788405 2.47611e-10
0.792347 2.47611e-10
0.796309 2.47611e-10
0.800291 2.47611e-10
0.804292 2.47599e-10
0.808314 2.47599e-10
0.812355 2.47599e-10
0.816417 2.47599e-10
0.820499 2.47586e-10
0.824602 2.47586e-10
0.828725 2.47586e-10
0.832868 2.47586e-10
0.837032 2.47574e-10
0.841218 2.47574e-10
0.845424 2.47574e-10
0.849651 2.47574e-10
0.853899 2.47562e-10
0.858169 2.47562e-10
0.862459 2.47562e-10
0.866772 2.47562e-10
0.871106 2.47549e-10
0.875461 2.47549e-10
0.879838 2.47549e-10
0.884238 2.47549e-10
0.888659 2.47537e-10
0.893102 2.47537e-10
0.897568 2.47537e-10
0.902055 2.47524e-10
0.906566 2.47524e-10
0.911099 2.47524e-10
0.915654 2.47524e-10
0.920232 2.47512e-10
0.924833 2.47512e-10
0.929458 2.47512e-10
0.934105 2.475e-10
0.938775 2.475e-10
0.943469 2.475e-10
0.948187 2.47487e-10
0.952928 2.47487e-10
0.957692 2.47487e-10
0.962481 2.47487e-10
0.967293 2.47475e-10
0.97213 2.47475e-10
0.97699 2.47475e-10
0.981875 2.47463e-10
0.986785 2.47463e-10
0.991718 2.47463e-10
0.996677 2.4745e-10
1.00166 2.4745e-10
1.00667 2.47438e-10
1.0117 2.47438e-10
1.01676 2.47438e-10
1.02184 2.47425e-10
1.02695 2.47425e-10
1.03209 2.47425e-10
1.03725 2.47413e-10
1.04244 2.47413e-10
1.04765 2.47413e-10
1.05289 2.474e-10
1.05815 2.474e-10
1.06344 2.47388e-10
1.06876 2.47388e-10
1.0741 2.47388e-10
1.07947 2.47376e-10
1.08487 2.47376e-10
1.09029 2.47363e-10
1.09575 2.47363e-10
1.10122 2.47351e-10
1.10673 2.47351e-10
1.11226 2.47351e-10
1.11783 2.47339e-10
1.12341 2.47339e-10
1.12903 2.47326e-10
1.13468 2.47326e-10
1.14035 2.47314e-10
1.14605 2.47314e-10
1.15178 2.47302e-10
1.15754 2.47302e-10
1.16333 2.47302e-10
1.16915 2.47289e-10
1.17499 2.47289e-10
1.18087 2.47277e-10
1.18677 2.47277e-10
1.1927 2.47264e-10
1.19867 2.47264e-10
1.20466 2.47252e-10
1.21068 2.47252e-10
1.21674 2.4724e-10
1.22282 2.4724e-10
1.22894 2.47227e-10
1.23508 2.47227e-10
1.24126 2.47215e-10
1.24746 2.47203e-10
1.2537 2.47203e-10
1.25997 2.4719e-10
1.26627 2.4719e-10
1.2726 2.47178e-10
1.27896 2.47178e-10
1.28536 2.47166e-10
1.29178 2.47153e-10
1.29824 2.47153e-10
1.30473 2.47141e-10
1.31126 2.47141e-10
1.31781 2.47128e-10
1.3244 2.47116e-10
1.33102 2.47116e-10
1.33768 2.47104e-10
1.34437 2.47104e-10
1.35109 2.47091e-10
1.35785 2.47079e-10
1.36463 2.47079e-10
1.37146 2.47067e-10
1.37832 2.47054e-10
1.38521 2.47054e-10
1.39213 2.47042e-10
1.39909 2.4703e-10
1.40609 2.4703e-10
1.41312 2.47017e-10
1.42018 2.47005e-10
1.42729 2.47005e-10
1.43442 2.46993e-10
1.44159 2.4698e-10
1.4488 2.46968e-10
1.45605 2.46968e-10
1.46333 2.46956e-10
1.47064 2.46943e-10
1.478 2.46931e-10
1.48539 2.46931e-10
1.49281 2.46919e-10
1.50028 2.46906e-10
1.50778 2.46894e-10
1.51532 2.46882e-10
1.52289 2.46882e-10
1.53051 2.46869e-10
1.53816 2.46857e-10
1.54585 2.46844e-10
1.55358 2.46832e-10
1.56135 2.4682e-10
1.56916 2.4682e-10
1.577 2.46807e-10
1.58489 2.46795e-10
1.59281 2.46783e-10
1.60078 2.4677e-10
1.60878 2.46758e-10
1.61682 2.46746e-10
1.62491 2.46733e-10
1.63303 2.46721e-10
1.6412 2.46709e-10
1.6494 2.46696e-10
1.65765 2.46684e-10
1.66594 2.46684e-10
1.67427 2.46672e-10
1.68264 2.46659e-10
1.69105 2.46647e-10
1.69951 2.46635e-10
1.70801 2.46622e-10
1.71655 2.46598e-10
1.72513 2.46585e-10
1.73375 2.46573e-10
1.74242 2.46561e-10
1.75113 2.46548e-10
1.75989 2.46536e-10
1.76869 2.46524e-10
1.77753 2.46511e-10
1.78642 2.46499e-10
1.79535 2.46487e-10
1.80433 2.46475e-10
1.81335 2.4645e-10
1.82242 2.46438e-10
1.83153 2.46425e-10
1.84069 2.46413e-10
1.84989 2.46401e-10
1.85914 2.46376e-10
1.86844 2.46364e-10
1.87778 2.46351e-10
1.88717 2.46339e-10
1.8966 2.46314e-10
1.90609 2.46302e-10
1.91562 2.4629e-10
1.92519 2.46277e-10
1.93482 2.46253e-10
1.94449 2.46241e-10
1.95422 2.46228e-10
1.96399 2.46203e-10
1.97381 2.46191e-10
1.98368 2.46179e-10
1.9936 2.46154e-10
2.00356 2.46142e-10
2.01358 2.46117e-10
2.02365 2.46105e-10
2.03377 2.4608e-10
2.04394 2.46068e-10
2.05416 2.46043e-10
2.06443 2.46031e-10
2.07475 2.46006e-10
2.08512 2.45994e-10
2.09555 2.4597e-10
2.10603 2.45957e-10
2.11656 2.45933e-10
2.12714 2.4592e-10
2.13777 2.45896e-10
2.14846 2.45871e-10
2.15921 2.45859e-10
2.17 2.45834e-10
2.18085 2.4581e-10
2.19176 2.45797e-10
2.20271 2.45773e-10
2.21373 2.45748e-10
2.2248 2.45736e-10
2.23592 2.45711e-10
2.2471 2.45687e-10
2.25834 2.45662e-10
2.26963 2.45638e-10
2.28098 2.45625e-10
2.29238 2.45601e-10
2.30384 2.45576e-10
2.31536 2.45552e-10
2.32694 2.45527e-10
2.33857 2.45503e-10
2.35027 2.45478e-10
2.36202 2.45454e-10
2.37383 2.45429e-10
2.3857 2.45405e-10
2.39763 2.4538e-10
2.40961 2.45355e-10
2.42166 2.45331e-10
2.43377 2.45306e-10
2.44594 2.45282e-10
2.45817 2.45257e-10
2.47046 2.45221e-10
2.48281 2.45196e-10
2.49523 2.45172e-10
2.5077 2.45147e-10
2.52024 2.45122e-10
2.53284 2.45086e-10
2.54551 2.45061e-10
2.55823 2.45037e-10
2.57102 2.45e-10
2.58388 2.44975e-10
2.5968 2.44951e-10
2.60978 2.44914e-10
2.62283 2.44889e-10
2.63595 2.44853e-10
2.64913 2.44828e-10
2.66237 2.44792e-10
2.67568 2.44767e-10
2.68906 2.4473e-10
2.70251 2.44706e-10
2.71602 2.44669e-10
2.7296 2.44633e-10
2.74325 2.44608e-10
2.75696 2.44571e-10
2.77075 2.44535e-10
2.7846 2.44498e-10
2.79853 2.44474e-10
2.81252 2.44437e-10
2.82658 2.444e-10
2.84071 2.44364e-10
2.85492 2.44327e-10
2.86919 2.4429e-10
2.88354 2.44254e-10
2.89796 2.44217e-10
2.91245 2.4418e-10
2.92701 2.44144e-10
2.94164 2.44107e-10
2.95635 2.44071e-10
2.97113 2.44034e-10
2.98599 2.43997e-10
3.00092 2.43949e-10
3.01592 2.43912e-10
3.031 2.43875e-10
3.04616 2.43827e-10
3.06139 2.4379e-10
3.07669 2.43753e-10
3.09208 2.43704e-10
3.10754 2.43668e-10
3.12308 2.43619e-10
3.13869 2.43583e-10
3.15439 2.43534e-10
3.17016 2.43497e-10
3.18601 2.43449e-10
3.20194 2.434e-10
3.21795 2.43364e-10
3.23404 2.43315e-10
3.25021 2.43266e-10
3.26646 2.43218e-10
3.28279 2.43169e-10
3.2992 2.4312e-10
3.3157 2.43072e-10
3.33228 2.43023e-10
3.34894 2.42975e-10
3.36569 2.42926e-10
3.38251 2.42877e-10
3.39943 2.42829e-10
3.41642 2.4278e-10
3.43351 2.4272e-10
3.45067 2.42671e-10
3.46793 2.42623e-10
3.48527 2.42562e-10
3.50269 2.42513e-10
3.52021 2.42452e-10
3.53781 2.42404e-10
3.5555 2.42343e-10
3.57327 2.42295e-10
3.59114 2.42234e-10
3.6091 2.42174e-10
3.62714 2.42113e-10
3.64528 2.42065e-10
3.6635 2.42004e-10
3.68182 2.41944e-10
3.70023 2.41883e-10
3.71873 2.41823e-10
3.73732 2.41763e-10
3.75601 2.41702e-10
3.77479 2.4163e-10
3.79367 2.41569e-10
3.81263 2.41509e-10
3.8317 2.41436e-10
3.85086 2.41376e-10
3.87011 2.41315e-10
3.88946 2.41243e-10
3.90891 2.41171e-10
3.92845 2.4111e-10
3.94809 2.41038e-10
3.96783 2.40966e-10
3.98767 2.40894e-10
4.00761 2.40833e-10
4.02765 2.40761e-10
4.04779 2.40689e-10
4.06803 2.40605e-10
4.08837 2.40533e-10
4.10881 2.4046e-10
4.12935 2.40388e-10
4.15 2.40304e-10
4.17075 2.40232e-10
4.1916 2.4016e-10
4.21256 2.40076e-10
4.23362 2.39992e-10
4.25479 2.3992e-10
4.27607 2.39836e-10
4.29745 2.39752e-10
4.31893 2.39668e-10
4.34053 2.39584e-10
4.36223 2.395e-10
4.38404 2.39416e-10
4.40596 2.39333e-10
4.42799 2.39237e-10
4.45013 2.39153e-10
4.47238 2.3907e-10
4.49475 2.38974e-10
4.51722 2.38878e-10
4.53981 2.38795e-10
4.5625 2.38699e-10
4.58532 2.38604e-10
4.60824 2.38508e-10
4.63128 2.38413e-10
4.65444 2.38318e-10
4.67771 2.38222e-10
4.7011 2.38115e-10
4.72461 2.3802e-10
4.74823 2.37913e-10
4.77197 2.3782e-10
4.79583 2.37713e-10
4.81981 2.37606e-10
4.84391 2.37499e-10
4.86813 2.37392e-10
4.89247 2.37285e-10
4.91693 2.37178e-10
4.94152 2.37072e-10
4.96622 2.36965e-10
4.99106 2.36846e-10
5.01601 2.3674e-10
5.04109 2.36622e-10
5.0663 2.36503e-10
5.09163 2.36385e-10
5.11709 2.36267e-10
5.14267 2.36149e-10
5.16838 2.36031e-10
5.19423 2.35913e-10
5.2202 2.35783e-10
5.2463 2.35665e-10
5.27253 2.35535e-10
5.29889 2.35406e-10
5.32539 2.35277e-10
5.35201 2.35147e-10
5.37877 2.35018e-10
5.40567 2.34888e-10
5.4327 2.34748e-10
5.45986 2.34619e-10
5.48716 2.34478e-10
5.5146 2.34337e-10
5.54217 2.34197e-10
5.56988 2.34056e-10
5.59773 2.33916e-10
5.62572 2.33775e-10
5.65385 2.33623e-10
5.68212 2.33483e-10
5.71053 2.33332e-10
5.73908 2.3318e-10
5.76777 2.33028e-10
5.79661 2.32877e-10
5.8256 2.32714e-10
5.85472 2.32563e-10
5.884 2.324e-10
5.91342 2.32237e-10
5.94298 2.32075e-10
5.9727 2.31912e-10
6.00256 2.3175e-10
6.03258 2.31588e-10
6.06274 2.31414e-10
6.09305 2.31241e-10
6.12352 2.31067e-10
6.15413 2.30894e-10
6.18491 2.30721e-10
6.21583 2.30536e-10
6.24691 2.30363e-10
6.27814 2.30179e-10
6.30953 2.29995e-10
6.34108 2.298e-10
6.37279 2.29616e-10
6.40465 2.29421e-10
6.43667 2.29232e-10
6.46886 2.29037e-10
6.5012 2.28842e-10
6.53371 2.28636e-10
6.56638 2.28442e-10
6.59921 2.28237e-10
6.6322 2.28031e-10
6.66537 2.27826e-10
6.69869 2.2761e-10
6.73219 2.27405e-10
6.76585 2.27189e-10
6.79968 2.26962e-10
6.83367 2.26746e-10
6.86784 2.2652e-10
6.90218 2.26305e-10
6.93669 2.26078e-10
6.97138 2.25841e-10
7.00623 2.25615e-10
7.04126 2.25378e-10
7.07647 2.25142e-10
7.11185 2.24894e-10
7.14741 2.24658e-10
7.18315 2.24411e-10
7.21907 2.24165e-10
7.25516 2.23918e-10
7.29144 2.23661e-10
7.32789 2.23404e-10
7.36453 2.23147e-10
7.40136 2.22879e-10
7.43836 2.22612e-10
7.47555 2.22345e-10
7.51293 2.22078e-10
7.5505 2.21801e-10
7.58825 2.21524e-10
7.62619 2.21247e-10
7.66432 2.20959e-10
7.70264 2.20672e-10
7.74116 2.20386e-10
7.77986 2.20088e-10
7.81876 2.19791e-10
7.85786 2.19495e-10
7.89714 2.19188e-10
7.93663 2.18876e-10
7.97631 2.18569e-10
8.0162 2.18253e-10
8.05628 2.17936e-10
8.09656 2.17609e-10
8.13704 2.17294e-10
8.17773 2.16958e-10
8.21861 2.16621e-10
8.25971 2.16286e-10
8.30101 2.15951e-10
8.34251 2.15606e-10
8.38422 2.1525e-10
8.42614 2.14906e-10
8.46828 2.14541e-10
8.51062 2.14187e-10
8.55317 2.13813e-10
8.59594 2.13449e-10
8.63892 2.13076e-10
8.68211 2.12693e-10
8.72552 2.1231e-10
8.76915 2.11918e-10
8.81299 2.11526e-10
8.85706 2.11135e-10
8.90134 2.10724e-10
8.94585 2.10324e-10
8.99058 2.09914e-10
9.03553 2.09495e-10
9.08071 2.09071e-10
9.12611 2.08643e-10
9.17174 2.08205e-10
9.2176 2.07768e-10
9.26369 2.07332e-10
9.31001 2.06876e-10
9.35656 2.06422e-10
9.40334 2.05968e-10
9.45036 2.05495e-10
9.49761 2.05023e-10
9.5451 2.04551e-10
9.59282 2.04071e-10
9.64079 2.03572e-10
9.68899 2.03084e-10
9.73744 2.02577e-10
9.78612 2.02071e-10
9.83506 2.01556e-10
9.88423 2.01033e-10
9.93365 2.00501e-10
9.98332 1.99972e-10
10.0332 1.99422e-10
10.0834 1.98875e-10
10.1338 1.98319e-10
10.1845 1.97754e-10
10.2354 1.97181e-10
10.2866 1.966e-10
10.338 1.96021e-10
10.3897 1.95424e-10
10.4417 1.94819e-10
10.4939 1.94207e-10
10.5463 1.93586e-10
10.5991 1.92958e-10
10.6521 1.92327e-10
10.7053 1.91684e-10
10.7589 1.91023e-10
10.8126 1.90356e-10
10.8667 1.89691e-10
10.921 1.89e-10
10.9756 1.88311e-10
11.0305 1.87606e-10
11.0857 1.86894e-10
11.1411 1.86167e-10
11.1968 1.85433e-10
11.2528 1.84692e-10
11.3091 1.83932e-10
11.3656 1.8317e-10
11.4224 1.82384e-10
11.4795 1.81592e-10
11.5369 1.80786e-10
11.5946 1.79974e-10
11.6526 1.79139e-10
11.7109 1.78299e-10
11.7694 1.77436e-10
11.8283 1.76569e-10
11.8874 1.75684e-10
11.9468 1.74781e-10
12.0066 1.73857e-10
12.0666 1.72921e-10
12.1269 1.71972e-10
12.1876 1.71003e-10
12.2485 1.70014e-10
12.3098 1.69005e-10
12.3713 1.67979e-10
12.4332 1.66932e-10
12.4953 1.65867e-10
12.5578 1.64776e-10
12.6206 1.63659e-10
12.6837 1.62517e-10
12.7471 1.61347e-10
12.8109 1.6015e-10
12.8749 1.58921e-10
12.9393 1.57662e-10
13.004 1.56367e-10
13.069 1.55036e-10
13.1343 1.53658e-10
13.2 1.52228e-10
13.266 1.50758e-10
13.3323 1.4922e-10
13.399 1.47628e-10
13.466 1.45955e-10
13.5333 1.44206e-10
13.601 1.42351e-10
13.669 1.40394e-10
13.7373 1.38296e-10
13.806 1.36036e-10
13.8751 1.33589e-10
13.9444 1.30911e-10
14.0142 1.2795e-10
14.0842 1.24653e-10
14.1547 1.20966e-10
14.2254 1.16847e-10
14.2966 1.12301e-10
14.368 1.07448e-10
14.4399 1.02629e-10
14.5121 9.84676e-11
14.5846 9.58226e-11
14.6576 9.54019e-11
14.7309 9.71907e-11
14.8045 1.00331e-10
14.8785 1.03682e-10
14.9529 1.06394e-10
15.0277 1.08132e-10
15.1028 1.08908e-10
15.1783 1.08886e-10
15.2542 1.08257e-10
15.3305 1.07158e-10
15.4072 1.05705e-10
15.4842 1.03977e-10
15.5616 1.02026e-10
15.6394 9.9886e-11
15.7176 9.75754e-11
15.7962 9.51066e-11
15.8752 9.24894e-11
15.9546 8.97085e-11
16.0343 8.67636e-11
16.1145 8.36291e-11
16.1951 8.02713e-11
16.2761 7.6641e-11
16.3574 7.26715e-11
16.4392 6.82414e-11
16.5214 6.31929e-11
16.604 5.72765e-11
16.687 5.02984e-11
16.7705 4.28814e-11
16.8543 3.99434e-11
16.9386 4.48812e-11
17.0233 5.06898e-11
17.1084 5.6218e-11
17.194 6.12101e-11
17.2799 6.56982e-11
17.3663 6.98188e-11
17.4532 7.36815e-11
17.5404 7.73687e-11
17.6281 8.09322e-11
17.7163 8.44055e-11
17.8048 8.78024e-11
17.8939 9.1142e-11
17.9833 9.44242e-11
18.0733 9.76633e-11
18.1636 1.00864e-10
18.2544 1.04019e-10
18.3457 1.07136e-10
18.4374 1.10226e-10
18.5296 1.13277e-10
18.6223 1.16293e-10
18.7154 1.19284e-10
18.809 1.22243e-10
18.903 1.25178e-10
18.9975 1.28078e-10
19.0925 1.30957e-10
19.188 1.33817e-10
19.2839 1.36647e-10
19.3803 1.39456e-10
19.4772 1.42244e-10
19.5746 1.45009e-10
19.6725 1.47754e-10
19.7709 1.50487e-10
19.8697 1.53197e-10
19.9691 1.55891e-10
20.0689 1.58572e-10
20.1692 1.61234e-10
20.2701 1.63888e-10
20.3714 1.66524e-10
20.4733 1.69141e-10
20.5757 1.71757e-10
20.6785 1.74354e-10
20.7819 1.7694e-10
20.8858 1.79525e-10
20.9903 1.82092e-10
21.0952 1.84646e-10
21.2007 1.87203e-10
21.3067 1.89747e-10
21.4132 1.92279e-10
21.5203 1.9481e-10
21.6279 1.97329e-10
21.7361 1.99842e-10
21.8447 2.02354e-10
21.954 2.04859e-10
22.0637 2.07353e-10
22.174 2.09851e-10
22.2849 2.12342e-10
22.3963 2.14831e-10
22.5083 2.17316e-10
22.6209 2.19791e-10
22.734 2.22278e-10
22.8476 2.24748e-10
22.9619 2.27223e-10
23.0767 2.29696e-10
23.1921 2.32168e-10
23.308 2.3463e-10
23.4246 2.37095e-10
23.5417 2.3956e-10
23.6594 2.42029e-10
23.7777 2.44498e-10
23.8966 2.46968e-10
24.0161 2.49432e-10
24.1361 2.51901e-10
24.2568 2.54369e-10
24.3781 2.56836e-10
24.5 2.59301e-10
24.6225 2.6177e-10
24.7456 2.64242e-10
24.8693 2.66711e-10
24.9937 2.6919e-10
25.1187 2.71665e-10
25.2443 2.74156e-10
25.3705 2.76634e-10
25.4973 2.79122e-10
25.6248 2.81603e-10
25.7529 2.8409e-10
25.8817 2.86587e-10
26.0111 2.89092e-10
26.1412 2.91589e-10
26.2719 2.94093e-10
26.4032 2.96596e-10
26.5352 2.99113e-10
26.6679 3.01622e-10
26.8013 3.04151e-10
26.9353 3.06671e-10
27.0699 3.09196e-10
27.2053 3.11735e-10
27.3413 3.1427e-10
27.478 3.16811e-10
27.6154 3.19356e-10
27.7535 3.21905e-10
27.8923 3.24466e-10
28.0317 3.2704e-10
28.1719 3.29601e-10
28.3127 3.32182e-10
28.4543 3.34751e-10
28.5966 3.37335e-10
28.7396 3.39926e-10
28.8833 3.42537e-10
29.0277 3.45133e-10
29.1728 3.47749e-10
29.3187 3.50368e-10
29.4653 3.52996e-10
29.6126 3.55619e-10
29.7607 3.5826e-10
29.9095 3.60904e-10
30.059 3.63548e-10
30.2093 3.66212e-10
30.3603 3.68886e-10
30.5122 3.71552e-10
30.6647 3.74237e-10
30.818 3.76923e-10
30.9721 3.79609e-10
31.127 3.82314e-10
31.2826 3.85039e-10
31.439 3.87753e-10
31.5962 3.90477e-10
31.7542 3.9322e-10
31.913 3.95964e-10
32.0725 3.98705e-10
32.2329 4.01463e-10
32.3941 4.04243e-10
32.556 4.07022e-10
32.7188 4.09799e-10
32.8824 4.12596e-10
33.0468 4.15411e-10
33.2121 4.18225e-10
33.3781 4.21047e-10
33.545 4.23878e-10
33.7127 4.26707e-10
33.8813 4.29554e-10
34.0507 4.32421e-10
34.221 4.35284e-10
34.3921 4.38178e-10
34.564 4.41058e-10
34.7369 4.43956e-10
34.9105 4.46874e-10
35.0851 4.49789e-10
35.2605 4.52722e-10
35.4368 4.55652e-10
35.614 4.58613e-10
35.7921 4.61557e-10
35.971 4.64544e-10
36.1509 4.67527e-10
36.3316 4.70506e-10
36.5133 4.73504e-10
36.6959 4.7654e-10
36.8793 4.79552e-10
37.0637 4.82583e-10
37.2491 4.85633e-10
37.4353 4.88703e-10
37.6225 4.91767e-10
37.8106 4.9485e-10
37.9996 4.97941e-10
38.1896 5.01038e-10
38.3806 5.04155e-10
38.5725 5.0729e-10
38.7654 5.10421e-10
38.9592 5.1357e-10
39.154 5.16738e-10
39.3498 5.19926e-10
39.5465 5.2312e-10
39.7442 5.26296e-10
39.943 5.29516e-10
40.1427 5.32757e-10
40.3434 5.3599e-10
40.5451 5.39243e-10
40.7478 5.42489e-10
40.9516 5.45767e-10
41.1563 5.49079e-10
41.3621 5.52384e-10
41.5689 5.55681e-10
41.7768 5.59025e-10
41.9856 5.62362e-10
42.1956 5.65714e-10
42.4065 5.6909e-10
42.6186 5.72458e-10
42.8317 5.75875e-10
43.0458 5.79283e-10
43.2611 5.82711e-10
43.4774 5.86131e-10
43.6948 5.89599e-10
43.9132 5.93074e-10
44.1328 5.96553e-10
44.3535 6.00054e-10
44.5752 6.03545e-10
44.7981 6.07087e-10
45.0221 6.10618e-10
45.2472 6.14171e-10
45.4734 6.17744e-10
45.7008 6.21321e-10
45.9293 6.24936e-10
46.159 6.2854e-10
46.3897 6.32166e-10
46.6217 6.35811e-10
46.8548 6.39478e-10
47.0891 6.43166e-10
47.3245 6.46843e-10
47.5611 6.50557e-10
47.799 6.54276e-10
48.0379 6.58017e-10
48.2781 6.61779e-10
48.5195 6.65529e-10
48.7621 6.69334e-10
49.0059 6.73121e-10
49.251 6.76969e-10
49.4972 6.80805e-10
49.7447 6.84629e-10
49.9934 6.88508e-10
50.2434 6.9241e-10
50.4946 6.96298e-10
50.7471 7.00245e-10
51.0008 7.0416e-10
51.2558 7.08115e-10
51.5121 7.12092e-10
51.7697 7.16091e-10
52.0285 7.20113e-10
52.2887 7.24121e-10
52.5501 7.28151e-10
52.8129 7.32241e-10
53.0769 7.36317e-10
53.3423 7.40396e-10
53.609 7.44518e-10
53.8771 7.48662e-10
54.1464 7.52791e-10
54.4172 7.56981e-10
54.6893 7.61157e-10
54.9627 7.65393e-10
55.2375 7.69615e-10
55.5137 7.7384e-10
55.7913 7.78109e-10
56.0702 7.82401e-10
56.3506 7.86717e-10
56.6323 7.91017e-10
56.9155 7.9538e-10
57.2001 7.99727e-10
57.4861 8.04091e-10
57.7735 8.08526e-10
58.0624 8.12945e-10
58.3527 8.17388e-10
58.6445 8.21856e-10
58.9377 8.26306e-10
59.2324 8.30822e-10
59.5285 8.35363e-10
59.8262 8.39908e-10
60.1253 8.44456e-10
60.4259 8.49029e-10
60.7281 8.53626e-10
61.0317 8.58249e-10
61.3369 8.62898e-10
61.6435 8.6757e-10
61.9518 8.72268e-10
62.2615 8.77014e-10
62.5728 8.81719e-10
62.8857 8.86493e-10
63.2001 8.91249e-10
63.5161 8.96076e-10
63.8337 9.00883e-10
64.1529 9.05716e-10
64.4736 9.10575e-10
64.796 9.15461e-10
65.12 9.20395e-10
65.4456 9.25333e-10
65.7728 9.30297e-10
66.1017 9.35288e-10
66.4322 9.4026e-10
66.7643 9.45304e-10
67.0982 9.50328e-10
67.4336 9.55417e-10
67.7708 9.60543e-10
68.1097 9.65649e-10
68.4502 9.70781e-10
68.7925 9.75941e-10
69.1364 9.81176e-10
69.4821 9.86391e-10
69.8295 9.91634e-10
70.1787 9.96878e-10
70.5296 1.00218e-09
70.8822 1.0075e-09
71.2366 1.01281e-09
71.5928 1.01819e-09
71.9508 1.0236e-09
72.3105 1.02899e-09
72.6721 1.03446e-09
73.0354 1.0399e-09
73.4006 1.0454e-09
73.7676 1.05091e-09
74.1365 1.05649e-09
74.5071 1.06205e-09
74.8797 1.06765e-09
75.2541 1.07327e-09
75.6303 1.07892e-09
76.0085 1.0846e-09
76.3885 1.09031e-09
76.7705 1.09602e-09
77.1543 1.10179e-09
77.5401 1.10759e-09
77.9278 1.11342e-09
78.3174 1.11923e-09
78.709 1.12512e-09
79.1026 1.13104e-09
79.4981 1.13693e-09
79.8956 1.14291e-09
80.2951 1.14887e-09
80.6965 1.15486e-09
81.1 1.16094e-09
81.5055 1.167e-09
81.913 1.17308e-09
82.3226 1.1792e-09
82.7342 1.18538e-09
83.1479 1.19156e-09
83.5636 1.19777e-09
83.9815 1.20402e-09
84.4014 1.21029e-09
84.8234 1.2166e-09
85.2475 1.22295e-09
85.6737 1.22932e-09
86.1021 1.23567e-09
86.5326 1.24215e-09
86.9653 1.24856e-09
87.4001 1.25507e-09
87.8371 1.26161e-09
88.2763 1.26813e-09
88.7177 1.27474e-09
89.1612 1.28132e-09
89.607 1.28801e-09
90.0551 1.29466e-09
90.5054 1.30137e-09
90.9579 1.30809e-09
91.4127 1.31492e-09
91.8697 1.32171e-09
92.3291 1.32853e-09
92.7907 1.33539e-09
93.2547 1.34229e-09
93.721 1.34927e-09
94.1896 1.35624e-09
94.6605 1.36324e-09
95.1338 1.37028e-09
95.6095 1.37736e-09
96.0875 1.38447e-09
96.568 1.39162e-09
97.0508 1.39881e-09
97.5361 1.40603e-09
98.0237 1.41326e-09
98.5139 1.42055e-09
99.0064 1.42782e-09
99.5015 1.43519e-09
99.999 1.4426e-09
