0.1 2.79247e-10
0.1005 2.79247e-10
0.101002 2.79247e-10
0.101508 2.79247e-10
0.102015 2.79247e-10
0.102525 2.79247e-10
0.103038 2.79247e-10
0.103553 2.79247e-10
0.104071 2.79247e-10
0.104591 2.79247e-10
0.105114 2.79247e-10
0.10564 2.79247e-10
0.106168 2.79247e-10
0.106699 2.79247e-10
0.107232 2.79247e-10
0.107768 2.79247e-10
0.108307 2.79247e-10
0.108849 2.79247e-10
0.109393 2.79247e-10
0.10994 2.79247e-10
0.11049 2.79247e-10
0.111042 2.79247e-10
0.111597 2.79247e-10
0.112155 2.79247e-10
0.112716 2.79247e-10
0.11328 2.79247e-10
0.113846 2.79247e-10
0.114415 2.79247e-10
0.114987 2.79247e-10
0.115562 2.79247e-10
0.11614 2.79247e-10
0.116721 2.79247e-10
0.117304 2.79247e-10
0.117891 2.79247e-10
0.11848 2.79247e-10
0.119073 2.79247e-10
0.119668 2.79247e-10
0.120266 2.79247e-10
0.120868 2.79247e-10
0.121472 2.79247e-10
0.122079 2.79247e-10
0.12269 2.79247e-10
0.123303 2.79247e-10
0.12392 2.79247e-10
0.124539 2.79247e-10
0.125162 2.79247e-10
0.125788 2.79247e-10
0.126417 2.79247e-10
0.127049 2.79247e-10
0.127684 2.79247e-10
0.128323 2.79247e-10
0.128964 2.79247e-10
0.129609 2.79247e-10
0.130257 2.79247e-10
0.130908 2.79247e-10
0.131563 2.79247e-10
0.132221 2.79247e-10
0.132882 2.79247e-10
0.133546 2.79247e-10
0.134214 2.79247e-10
0.134885 2.79247e-10
0.135559 2.79247e-10
0.136237 2.79247e-10
0.136918 2.79247e-10
0.137603 2.79247e-10
0.138291 2.79247e-10
0.138982 2.79247e-10
0.139677 2.79247e-10
0.140376 2.79247e-10
0.141078 2.79247e-10
0.141783 2.79247e-10
0.142492 2.79247e-10
0.143204 2.79247e-10
0.14392 2.79247e-10
0.14464 2.79247e-10
0.145363 2.79247e-10
0.14609 2.79247e-10
0.146821 2.79247e-10
0.147555 2.79247e-10
0.148292 2.79247e-10
0.149034 2.79247e-10
0.149779 2.79247e-10
0.150528 2.79247e-10
0.151281 2.79247e-10
0.152037 2.79247e-10
0.152797 2.79247e-10
0.153561 2.79247e-10
0.154329 2.79247e-10
0.155101 2.79247e-10
0.155876 2.79247e-10
0.156655 2.79247e-10
0.157439 2.79247e-10
0.158226 2.79247e-10
0.159017 2.79247e-10
0.159812 2.79247e-10
0.160611 2.79247e-10
0.161414 2.79233e-10
0.162221 2.79233e-10
0.163032 2.79233e-10
0.163848 2.79233e-10
0.164667 2.79233e-10
0.16549 2.79233e-10
0.166318 2.79233e-10
0.167149 2.79233e-10
0.167985 2.79233e-10
0.168825 2.79233e-10
0.169669 2.79233e-10
0.170517 2.79233e-10
0.17137 2.79233e-10
0.172227 2.79233e-10
0.173088 2.79233e-10
0.173953 2.79233e-10
0.174823 2.79233e-10
0.175697 2.79233e-10
0.176576 2.79233e-10
0.177459 2.79233e-10
0.178346 2.79233e-10
0.179238 2.79233e-10
0.180134 2.79233e-10
0.181035 2.79233e-10
0.18194 2.79233e-10
0.182849 2.79233e-10
0.183764 2.79233e-10
0.184682 2.79233e-10
0.185606 2.79233e-10
0.186534 2.79233e-10
0.187467 2.79233e-10
0.188404 2.79233e-10
0.189346 2.79233e-10
0.190293 2.79233e-10
0.191244 2.79233e-10
0.1922 2.79233e-10
0.193161 2.79233e-10
0.194127 2.79233e-10
0.195098 2.79233e-10
0.196073 2.79233e-10
0.197054 2.79233e-10
0.198039 2.79233e-10
0.199029 2.79233e-10
0.200024 2.79233e-10
0.201024 2.79233e-10
0.202029 2.79233e-10
0.20304 2.79233e-10
0.204055 2.79233e-10
0.205075 2.79233e-10
0.2061 2.79233e-10
0.207131 2.79233e-10
0.208167 2.79233e-10
0.209207 2.79233e-10
0.210253 2.79233e-10
0.211305 2.79233e-10
0.212361 2.79233e-10
0.213423 2.79233e-10
0.21449 2.79233e-10
0.215563 2.79233e-10
0.21664 2.79233e-10
0.217724 2.79233e-10
0.218812 2.79233e-10
0.219906 2.79233e-10
0.221006 2.79233e-10
0.222111 2.79233e-10
0.223221 2.79233e-10
0.224338 2.79233e-10
0.225459 2.79233e-10
0.226587 2.79233e-10
0.227719 2.79233e-10
0.228858 2.79233e-10
0.230002 2.79233e-10
0.231152 2.79233e-10
0.232308 2.79233e-10
0.23347 2.79233e-10
0.234637 2.79233e-10
0.23581 2.79233e-10
0.236989 2.79233e-10
0.238174 2.79233e-10
0.239365 2.79233e-10
0.240562 2.79233e-10
0.241765 2.79233e-10
0.242974 2.79233e-10
0.244188 2.79233e-10
0.245409 2.79233e-10
0.246636 2.79233e-10
0.24787 2.79233e-10
0.249109 2.79233e-10
0.250354 2.79233e-10
0.251606 2.79233e-10
0.252864 2.79233e-10
0.254129 2.79233e-10
0.255399 2.79233e-10
0.256676 2.79233e-10
0.25796 2.79233e-10
0.259249 2.79233e-10
0.260546 2.79233e-10
0.261848 2.79233e-10
0.263158 2.79233e-10
0.264473 2.79233e-10
0.265796 2.79233e-10
0.267125 2.79233e-10
0.26846 2.79233e-10
0.269803 2.79233e-10
0.271152 2.79233e-10
0.272507 2.79233e-10
0.27387 2.79233e-10
0.275239 2.79233e-10
0.276616 2.79233e-10
0.277999 2.79219e-10
0.279389 2.79219e-10
0.280786 2.79219e-10
0.282189 2.79219e-10
0.2836 2.79219e-10
0.285018 2.79219e-10
0.286444 2.79219e-10
0.287876 2.79219e-10
0.289315 2.79219e-10
0.290762 2.79219e-10
0.292216 2.79219e-10
0.293677 2.79219e-10
0.295145 2.79219e-10
0.296621 2.79219e-10
0.298104 2.79219e-10
0.299594 2.79219e-10
0.301092 2.79219e-10
0.302598 2.79219e-10
0.304111 2.79219e-10
0.305631 2.79219e-10
0.307159 2.79219e-10
0.308695 2.79219e-10
0.310239 2.79219e-10
0.31179 2.79219e-10
0.313349 2.79219e-10
0.314916 2.79219e-10
0.31649 2.79219e-10
0.318073 2.79219e-10
0.319663 2.79219e-10
0.321261 2.79219e-10
0.322868 2.79219e-10
0.324482 2.79219e-10
0.326104 2.79219e-10
0.327735 2.79219e-10
0.329374 2.79219e-10
0.33102 2.79219e-10
0.332676 2.79219e-10
0.334339 2.79219e-10
0.336011 2.79219e-10
0.337691 2.79219e-10
0.339379 2.79219e-10
0.341076 2.79219e-10
0.342781 2.79219e-10
0.344495 2.79219e-10
0.346218 2.79219e-10
0.347949 2.79219e-10
0.349689 2.79219e-10
0.351437 2.79219e-10
0.353194 2.79219e-10
0.35496 2.79219e-10
0.356735 2.79219e-10
0.358519 2.79205e-10
0.360311 2.79205e-10
0.362113 2.79205e-10
0.363923 2.79205e-10
0.365743 2.79205e-10
0.367572 2.79205e-10
0.36941 2.79205e-10
0.371257 2.79205e-10
0.373113 2.79205e-10
0.374978 2.79205e-10
0.376853 2.79205e-10
0.378738 2.79205e-10
0.380631 2.79205e-10
0.382535 2.79205e-10
0.384447 2.79205e-10
0.386369 2.79205e-10
0.388301 2.79205e-10
0.390243 2.79205e-10
0.392194 2.79205e-10
0.394155 2.79205e-10
0.396126 2.79205e-10
0.398106 2.79205e-10
0.400097 2.79205e-10
0.402097 2.79205e-10
0.404108 2.79205e-10
0.406128 2.79205e-10
0.408159 2.79205e-10
0.4102 2.79205e-10
0.412251 2.79205e-10
0.414312 2.79205e-10
0.416384 2.79205e-10
0.418466 2.79205e-10
0.420558 2.79205e-10
0.422661 2.79205e-10
0.424774 2.79191e-10
0.426898 2.79191e-10
0.429032 2.79191e-10
0.431178 2.79191e-10
0.433333 2.79191e-10
0.4355 2.79191e-10
0.437678 2.79191e-10
0.439866 2.79191e-10
0.442065 2.79191e-10
0.444276 2.79191e-10
0.446497 2.79191e-10
0.448729 2.79191e-10
0.450973 2.79191e-10
0.453228 2.79191e-10
0.455494 2.79191e-10
0.457772 2.79191e-10
0.46006 2.79191e-10
0.462361 2.79191e-10
0.464673 2.79191e-10
0.466996 2.79191e-10
0.469331 2.79191e-10
0.471678 2.79191e-10
0.474036 2.79191e-10
0.476406 2.79191e-10
0.478788 2.79191e-10
0.481182 2.79177e-10
0.483588 2.79177e-10
0.486006 2.79177e-10
0.488436 2.79177e-10
0.490878 2.79177e-10
0.493333 2.79177e-10
0.495799 2.79177e-10
0.498278 2.79177e-10
0.50077 2.79177e-10
0.503273 2.79177e-10
0.50579 2.79177e-10
0.508319 2.79177e-10
0.51086 2.79177e-10
0.513415 2.79177e-10
0.515982 2.79177e-10
0.518562 2.79177e-10
0.521154 2.79177e-10
0.52376 2.79177e-10
0.526379 2.79177e-10
0.529011 2.79177e-10
0.531656 2.79163e-10
0.534314 2.79163e-10
0.536986 2.79163e-10
0.539671 2.79163e-10
0.542369 2.79163e-10
0.545081 2.79163e-10
0.547806 2.79163e-10
0.550545 2.79163e-10
0.553298 2.79163e-10
0.556065 2.79163e-10
0.558845 2.79163e-10
0.561639 2.79163e-10
0.564447 2.79163e-10
0.56727 2.79163e-10
0.570106 2.79163e-10
0.572956 2.79163e-10
0.575821 2.79163e-10
0.5787 2.7915e-10
0.581594 2.7915e-10
0.584502 2.7915e-10
0.587424 2.7915e-10
0.590361 2.7915e-10
0.593313 2.7915e-10
0.59628 2.7915e-10
0.599261 2.7915e-10
0.602258 2.7915e-10
0.605269 2.7915e-10
0.608295 2.7915e-10
0.611337 2.7915e-10
0.614393 2.7915e-10
0.617465 2.7915e-10
0.620553 2.79136e-10
0.623655 2.79136e-10
0.626774 2.79136e-10
0.629908 2.79136e-10
0.633057 2.79136e-10
0.636222 2.79136e-10
0.639403 2.79136e-10
0.6426 2.79136e-10
0.645813 2.79136e-10
0.649043 2.79136e-10
0.652288 2.79136e-10
0.655549 2.79136e-10
0.658827 2.79136e-10
0.662121 2.79122e-10
0.665432 2.79122e-10
0.668759 2.79122e-10
0.672103 2.79122e-10
0.675463 2.79122e-10
0.67884 2.79122e-10
0.682235 2.79122e-10
0.685646 2.79122e-10
0.689074 2.79122e-10
0.692519 2.79122e-10
0.695982 2.79122e-10
0.699462 2.79108e-10
0.702959 2.79108e-10
0.706474 2.79108e-10
0.710006 2.79108e-10
0.713556 2.79108e-10
0.717124 2.79108e-10
0.72071 2.79108e-10
0.724313 2.79108e-10
0.727935 2.79108e-10
0.731575 2.79108e-10
0.735233 2.79094e-10
0.738909 2.79094e-10
0.742603 2.79094e-10
0.746316 2.79094e-10
0.750048 2.79094e-10
0.753798 2.79094e-10
0.757567 2.79094e-10
0.761355 2.79094e-10
0.765162 2.79094e-10
0.768987 2.7908e-10
0.772832 2.7908e-10
0.776697 2.7908e-10
0.78058 2.7908e-10
0.784483 2.7908e-10
0.788405 2.7908e-10
0.792347 2.7908e-10
0.796309 2.7908e-10
0.800291 2.7908e-10
0.804292 2.79066e-10
0.808314 2.79066e-10
0.812355 2.79066e-10
0.816417 2.79066e-10
0.820499 2.79066e-10
0.824602 2.79066e-10
0.828725 2.79066e-10
0.832868 2.79052e-10
0.837032 2.79052e-10
0.841218 2.79052e-10
0.845424 2.79052e-10
0.849651 2.79052e-10
0.853899 2.79052e-10
0.858169 2.79052e-10
0.862459 2.79038e-10
0.866772 2.79038e-10
0.871106 2.79038e-10
0.875461 2.79038e-10
0.879838 2.79038e-10
0.884238 2.79038e-10
0.888659 2.79038e-10
0.893102 2.79024e-10
0.897568 2.79024e-10
0.902055 2.79024e-10
0.906566 2.79024e-10
0.911099 2.79024e-10
0.915654 2.79024e-10
0.920232 2.7901e-10
0.924833 2.7901e-10
0.929458 2.7901e-10
0.934105 2.7901e-10
0.938775 2.7901e-10
0.943469 2.7901e-10
0.948187 2.78996e-10
0.952928 2.78996e-10
0.957692 2.78996e-10
0.962481 2.78996e-10
0.967293 2.78996e-10
0.97213 2.78996e-10
0.97699 2.78982e-10
0.981875 2.78982e-10
0.986785 2.78982e-10
0.991718 2.78982e-10
0.996677 2.78982e-10
1.00166 2.78968e-10
1.00667 2.78968e-10
1.0117 2.78968e-10
1.01676 2.78968e-10
1.02184 2.78968e-10
1.02695 2.78954e-10
1.03209 2.78954e-10
1.03725 2.78954e-10
1.04244 2.78954e-10
1.04765 2.78954e-10
1.05289 2.7894e-10
1.05815 2.7894e-10
1.06344 2.7894e-10
1.06876 2.7894e-10
1.0741 2.78926e-10
1.07947 2.78926e-10
1.08487 2.78926e-10
1.09029 2.78926e-10
1.09575 2.78926e-10
1.10122 2.78912e-10
1.10673 2.78912e-10
1.11226 2.78912e-10
1.11783 2.78912e-10
1.12341 2.78898e-10
1.12903 2.78898e-10
1.13468 2.78898e-10
1.14035 2.78898e-10
1.14605 2.78884e-10
1.15178 2.78884e-10
1.15754 2.78884e-10
1.16333 2.78884e-10
1.16915 2.78871e-10
1.17499 2.78871e-10
1.18087 2.78871e-10
1.18677 2.78871e-10
1.1927 2.78857e-10
1.19867 2.78857e-10
1.20466 2.78857e-10
1.21068 2.78843e-10
1.21674 2.78843e-10
1.22282 2.78843e-10
1.22894 2.78843e-10
1.23508 2.78829e-10
1.24126 2.78829e-10
1.24746 2.78829e-10
1.2537 2.78815e-10
1.25997 2.78815e-10
1.26627 2.78815e-10
1.2726 2.78801e-10
1.27896 2.78801e-10
1.28536 2.78801e-10
1.29178 2.78787e-10
1.29824 2.78787e-10
1.30473 2.78787e-10
1.31126 2.78773e-10
1.31781 2.78773e-10
1.3244 2.78773e-10
1.33102 2.78759e-10
1.33768 2.78759e-10
1.34437 2.78759e-10
1.35109 2.78745e-10
1.35785 2.78745e-10
1.36463 2.78745e-10
1.37146 2.78731e-10
1.37832 2.78731e-10
1.38521 2.78731e-10
1.39213 2.78717e-10
1.39909 2.78717e-10
1.40609 2.78703e-10
1.41312 2.78703e-10
1.42018 2.78703e-10
1.42729 2.78689e-10
1.43442 2.78689e-10
1.44159 2.78675e-10
1.4488 2.78675e-10
1.45605 2.78675e-10
1.46333 2.78661e-10
1.47064 2.78661e-10
1.478 2.78648e-10
1.48539 2.78648e-10
1.49281 2.78634e-10
1.50028 2.78634e-10
1.50778 2.78634e-10
1.51532 2.7862e-10
1.52289 2.7862e-10
1.53051 2.78606e-10
1.53816 2.78606e-10
1.54585 2.78592e-10
1.55358 2.78592e-10
1.56135 2.78578e-10
1.56916 2.78578e-10
1.577 2.78564e-10
1.58489 2.78564e-10
1.59281 2.7855e-10
1.60078 2.7855e-10
1.60878 2.78536e-10
1.61682 2.78536e-10
1.62491 2.78522e-10
1.63303 2.78522e-10
1.6412 2.78508e-10
1.6494 2.78508e-10
1.65765 2.78494e-10
1.66594 2.78494e-10
1.67427 2.7848e-10
1.68264 2.7848e-10
1.69105 2.78467e-10
1.69951 2.78467e-10
1.70801 2.78453e-10
1.71655 2.78439e-10
1.72513 2.78439e-10
1.73375 2.78425e-10
1.74242 2.78425e-10
1.75113 2.78411e-10
1.75989 2.78397e-10
1.76869 2.78397e-10
1.77753 2.78383e-10
1.78642 2.78383e-10
1.79535 2.78369e-10
1.80433 2.78355e-10
1.81335 2.78355e-10
1.82242 2.78341e-10
1.83153 2.78327e-10
1.84069 2.78327e-10
1.84989 2.78313e-10
1.85914 2.783e-10
1.86844 2.783e-10
1.87778 2.78286e-10
1.88717 2.78272e-10
1.8966 2.78272e-10
1.90609 2.78258e-10
1.91562 2.78244e-10
1.92519 2.78244e-10
1.93482 2.7823e-10
1.94449 2.78216e-10
1.95422 2.78202e-10
1.96399 2.78202e-10
1.97381 2.78188e-10
1.98368 2.78174e-10
1.9936 2.7816e-10
2.00356 2.78147e-10
2.01358 2.78147e-10
2.02365 2.78132e-10
2.03377 2.78118e-10
2.04394 2.78104e-10
2.05416 2.78091e-10
2.06443 2.78091e-10
2.07475 2.78077e-10
2.08512 2.78063e-10
2.09555 2.78049e-10
2.10603 2.78035e-10
2.11656 2.78021e-10
2.12714 2.78007e-10
2.13777 2.78007e-10
2.14846 2.77993e-10
2.15921 2.77979e-10
2.17 2.77965e-10
2.18085 2.77952e-10
2.19176 2.77938e-10
2.20271 2.77924e-10
2.21373 2.7791e-10
2.2248 2.77896e-10
2.23592 2.77882e-10
2.2471 2.77868e-10
2.25834 2.77854e-10
2.26963 2.7784e-10
2.28098 2.77827e-10
2.29238 2.77813e-10
2.30384 2.77799e-10
2.31536 2.77785e-10
2.32694 2.77771e-10
2.33857 2.77757e-10
2.35027 2.77743e-10
2.36202 2.77729e-10
2.37383 2.77715e-10
2.3857 2.77688e-10
2.39763 2.77674e-10
2.40961 2.7766e-10
2.42166 2.77646e-10
2.43377 2.77632e-10
2.44594 2.77618e-10
2.45817 2.77604e-10
2.47046 2.77577e-10
2.48281 2.77563e-10
2.49523 2.77549e-10
2.5077 2.77535e-10
2.52024 2.77507e-10
2.53284 2.77493e-10
2.54551 2.77479e-10
2.55823 2.77466e-10
2.57102 2.77438e-10
2.58388 2.77424e-10
2.5968 2.7741e-10
2.60978 2.77382e-10
2.62283 2.77369e-10
2.63595 2.77355e-10
2.64913 2.77327e-10
2.66237 2.77313e-10
2.67568 2.77299e-10
2.68906 2.77271e-10
2.70251 2.77258e-10
2.71602 2.7723e-10
2.7296 2.77216e-10
2.74325 2.77188e-10
2.75696 2.77174e-10
2.77075 2.77147e-10
2.7846 2.77133e-10
2.79853 2.77105e-10
2.81252 2.77091e-10
2.82658 2.77064e-10
2.84071 2.7705e-10
2.85492 2.77022e-10
2.86919 2.76994e-10
2.88354 2.76981e-10
2.89796 2.76953e-10
2.91245 2.76925e-10
2.92701 2.76911e-10
2.94164 2.76884e-10
2.95635 2.76856e-10
2.97113 2.76842e-10
2.98599 2.76814e-10
3.00092 2.76787e-10
3.01592 2.76759e-10
3.031 2.76731e-10
3.04616 2.76717e-10
3.06139 2.7669e-10
3.07669 2.76662e-10
3.09208 2.76634e-10
3.10754 2.76607e-10
3.12308 2.76579e-10
3.13869 2.76551e-10
3.15439 2.76524e-10
3.17016 2.76496e-10
3.18601 2.76468e-10
3.20194 2.76441e-10
3.21795 2.76413e-10
3.23404 2.76385e-10
3.25021 2.76358e-10
3.26646 2.7633e-10
3.28279 2.76303e-10
3.2992 2.76275e-10
3.3157 2.76233e-10
3.33228 2.76206e-10
3.34894 2.76178e-10
3.36569 2.76151e-10
3.38251 2.76123e-10
3.39943 2.76082e-10
3.41642 2.76054e-10
3.43351 2.76026e-10
3.45067 2.75985e-10
3.46793 2.75957e-10
3.48527 2.75916e-10
3.50269 2.75888e-10
3.52021 2.75861e-10
3.53781 2.75819e-10
3.5555 2.75792e-10
3.57327 2.75751e-10
3.59114 2.75723e-10
3.6091 2.75682e-10
3.62714 2.7564e-10
3.64528 2.75613e-10
3.6635 2.75571e-10
3.68182 2.7553e-10
3.70023 2.75502e-10
3.71873 2.75461e-10
3.73732 2.7542e-10
3.75601 2.75378e-10
3.77479 2.75337e-10
3.79367 2.75309e-10
3.81263 2.75268e-10
3.8317 2.75227e-10
3.85086 2.75186e-10
3.87011 2.75144e-10
3.88946 2.75103e-10
3.90891 2.75062e-10
3.92845 2.7502e-10
3.94809 2.74979e-10
3.96783 2.74924e-10
3.98767 2.74883e-10
4.00761 2.74842e-10
4.02765 2.74801e-10
4.04779 2.74759e-10
4.06803 2.74704e-10
4.08837 2.74663e-10
4.10881 2.74622e-10
4.12935 2.74567e-10
4.15 2.74526e-10
4.17075 2.74471e-10
4.1916 2.7443e-10
4.21256 2.74375e-10
4.23362 2.7432e-10
4.25479 2.74279e-10
4.27607 2.74224e-10
4.29745 2.74169e-10
4.31893 2.74128e-10
4.34053 2.74073e-10
4.36223 2.74018e-10
4.38404 2.73963e-10
4.40596 2.73909e-10
4.42799 2.73854e-10
4.45013 2.73799e-10
4.47238 2.73744e-10
4.49475 2.7369e-10
4.51722 2.73635e-10
4.53981 2.7358e-10
4.5625 2.73526e-10
4.58532 2.73471e-10
4.60824 2.73403e-10
4.63128 2.73348e-10
4.65444 2.73293e-10
4.67771 2.73225e-10
4.7011 2.7317e-10
4.72461 2.73102e-10
4.74823 2.73047e-10
4.77197 2.72979e-10
4.79583 2.72911e-10
4.81981 2.72856e-10
4.84391 2.72788e-10
4.86813 2.7272e-10
4.89247 2.72659e-10
4.91693 2.72591e-10
4.94152 2.72522e-10
4.96622 2.72454e-10
4.99106 2.72386e-10
5.01601 2.72318e-10
5.04109 2.7225e-10
5.0663 2.72168e-10
5.09163 2.721e-10
5.11709 2.72032e-10
5.14267 2.7195e-10
5.16838 2.71882e-10
5.19423 2.71801e-10
5.2202 2.71733e-10
5.2463 2.71651e-10
5.27253 2.7157e-10
5.29889 2.71502e-10
5.32539 2.71421e-10
5.35201 2.71339e-10
5.37877 2.71258e-10
5.40567 2.71177e-10
5.4327 2.71095e-10
5.45986 2.71014e-10
5.48716 2.70932e-10
5.5146 2.70851e-10
5.54217 2.70756e-10
5.56988 2.70675e-10
5.59773 2.7058e-10
5.62572 2.70499e-10
5.65385 2.70405e-10
5.68212 2.70323e-10
5.71053 2.70229e-10
5.73908 2.70134e-10
5.76777 2.7004e-10
5.79661 2.69945e-10
5.8256 2.69851e-10
5.85472 2.69756e-10
5.884 2.69662e-10
5.91342 2.69567e-10
5.94298 2.6946e-10
5.9727 2.69365e-10
6.00256 2.69258e-10
6.03258 2.69163e-10
6.06274 2.69056e-10
6.09305 2.68948e-10
6.12352 2.68854e-10
6.15413 2.68747e-10
6.18491 2.68639e-10
6.21583 2.68532e-10
6.24691 2.68411e-10
6.27814 2.68303e-10
6.30953 2.68196e-10
6.34108 2.68075e-10
6.37279 2.67968e-10
6.40465 2.67848e-10
6.43667 2.67727e-10
6.46886 2.6762e-10
6.5012 2.675e-10
6.53371 2.67379e-10
6.56638 2.67259e-10
6.59921 2.67125e-10
6.6322 2.67005e-10
6.66537 2.66885e-10
6.69869 2.66751e-10
6.73219 2.66618e-10
6.76585 2.66498e-10
6.79968 2.66365e-10
6.83367 2.66232e-10
6.86784 2.66099e-10
6.90218 2.65966e-10
6.93669 2.6582e-10
6.97138 2.65686e-10
7.00623 2.65554e-10
7.04126 2.65408e-10
7.07647 2.65262e-10
7.11185 2.65116e-10
7.14741 2.6497e-10
7.18315 2.64824e-10
7.21907 2.64679e-10
7.25516 2.64533e-10
7.29144 2.64374e-10
7.32789 2.64229e-10
7.36453 2.6407e-10
7.40136 2.63912e-10
7.43836 2.63754e-10
7.47555 2.63596e-10
7.51293 2.63437e-10
7.5505 2.63266e-10
7.58825 2.63108e-10
7.62619 2.62937e-10
7.66432 2.62766e-10
7.70264 2.62596e-10
7.74116 2.62425e-10
7.77986 2.62255e-10
7.81876 2.62071e-10
7.85786 2.61901e-10
7.89714 2.61717e-10
7.93663 2.61534e-10
7.97631 2.61351e-10
8.0162 2.61168e-10
8.05628 2.60972e-10
8.09656 2.6079e-10
8.13704 2.60594e-10
8.17773 2.60406e-10
8.21861 2.60197e-10
8.25971 2.60002e-10
8.30101 2.59807e-10
8.34251 2.59599e-10
8.38422 2.59392e-10
8.42614 2.59184e-10
8.46828 2.58977e-10
8.51062 2.5877e-10
8.55317 2.5855e-10
8.59594 2.58343e-10
8.63892 2.58124e-10
8.68211 2.57904e-10
8.72552 2.57672e-10
8.76915 2.57453e-10
8.81299 2.57222e-10
8.85706 2.5699e-10
8.90134 2.56759e-10
8.94585 2.56528e-10
8.99058 2.56284e-10
9.03553 2.56041e-10
9.08071 2.55798e-10
9.12611 2.55555e-10
9.17174 2.553e-10
9.2176 2.55057e-10
9.26369 2.54802e-10
9.31001 2.54535e-10
9.35656 2.5428e-10
9.40334 2.54013e-10
9.45036 2.53747e-10
9.49761 2.5348e-10
9.5451 2.53214e-10
9.59282 2.52936e-10
9.64079 2.52658e-10
9.68899 2.52367e-10
9.73744 2.5209e-10
9.78612 2.518e-10
9.83506 2.51511e-10
9.88423 2.51221e-10
9.93365 2.5092e-10
9.98332 2.50619e-10
10.0332 2.50319e-10
10.0834 2.50006e-10
10.1338 2.49694e-10
10.1845 2.49382e-10
10.2354 2.49058e-10
10.2866 2.4874e-10
10.338 2.48417e-10
10.3897 2.48082e-10
10.4417 2.47747e-10
10.4939 2.47413e-10
10.5463 2.47067e-10
10.5991 2.46721e-10
10.6521 2.46376e-10
10.7053 2.46019e-10
10.7589 2.45662e-10
10.8126 2.45306e-10
10.8667 2.44938e-10
10.921 2.44571e-10
10.9756 2.44193e-10
11.0305 2.43814e-10
11.0857 2.43437e-10
11.1411 2.43047e-10
11.1968 2.42659e-10
11.2528 2.42259e-10
11.3091 2.41859e-10
11.3656 2.41448e-10
11.4224 2.41038e-10
11.4795 2.40629e-10
11.5369 2.40208e-10
11.5946 2.39776e-10
11.6526 2.39345e-10
11.7109 2.38914e-10
11.7694 2.38472e-10
11.8283 2.3802e-10
11.8874 2.3757e-10
11.9468 2.37119e-10
12.0066 2.36645e-10
12.0666 2.36184e-10
12.1269 2.35712e-10
12.1876 2.3523e-10
12.2485 2.34736e-10
12.3098 2.34243e-10
12.3713 2.33752e-10
12.4332 2.33238e-10
12.4953 2.32737e-10
12.5578 2.32214e-10
12.6206 2.31692e-10
12.6837 2.3116e-10
12.7471 2.30629e-10
12.8109 2.30076e-10
12.8749 2.29524e-10
12.9393 2.28968e-10
13.004 2.28408e-10
13.069 2.27826e-10
13.1343 2.27246e-10
13.2 2.26667e-10
13.266 2.26067e-10
13.3323 2.25469e-10
13.399 2.2485e-10
13.466 2.24232e-10
13.5333 2.23605e-10
13.601 2.22968e-10
13.669 2.22322e-10
13.7373 2.21668e-10
13.806 2.21003e-10
13.8751 2.20331e-10
13.9444 2.19659e-10
14.0142 2.18963e-10
14.0842 2.18263e-10
14.1547 2.17555e-10
14.2254 2.16838e-10
14.2966 2.16102e-10
14.368 2.15358e-10
14.4399 2.14605e-10
14.5121 2.13845e-10
14.5846 2.13076e-10
14.6576 2.12289e-10
14.7309 2.11495e-10
14.8045 2.10682e-10
14.8785 2.09861e-10
14.9529 2.09029e-10
15.0277 2.08174e-10
15.1028 2.07311e-10
15.1783 2.06442e-10
15.2542 2.05546e-10
15.3305 2.04644e-10
15.4072 2.03725e-10
15.4842 2.02789e-10
15.5616 2.01838e-10
15.6394 2.00872e-10
15.7176 1.99892e-10
15.7962 1.98885e-10
15.8752 1.97863e-10
15.9546 1.96817e-10
16.0343 1.95757e-10
16.1145 1.94673e-10
16.1951 1.93576e-10
16.2761 1.92442e-10
16.3574 1.91291e-10
16.4392 1.90118e-10
16.5214 1.88905e-10
16.604 1.87671e-10
16.687 1.86409e-10
16.7705 1.85108e-10
16.8543 1.83776e-10
16.9386 1.82412e-10
17.0233 1.80994e-10
17.1084 1.79543e-10
17.194 1.78032e-10
17.2799 1.76472e-10
17.3663 1.74851e-10
17.4532 1.73172e-10
17.5404 1.71406e-10
17.6281 1.69564e-10
17.7163 1.67618e-10
17.8048 1.65569e-10
17.8939 1.63381e-10
17.9833 1.61049e-10
18.0733 1.58548e-10
18.1636 1.55836e-10
18.2544 1.52876e-10
18.3457 1.49639e-10
18.4374 1.46072e-10
18.5296 1.42137e-10
18.6223 1.3782e-10
18.7154 1.33129e-10
18.809 1.28174e-10
18.903 1.23206e-10
18.9975 1.18666e-10
19.0925 1.15182e-10
19.188 1.13413e-10
19.2839 1.13725e-10
19.3803 1.15892e-10
19.4772 1.19171e-10
19.5746 1.22665e-10
19.6725 1.2568e-10
19.7709 1.27867e-10
19.8697 1.29152e-10
19.9691 1.29625e-10
20.0689 1.29437e-10
20.1692 1.28714e-10
20.2701 1.27579e-10
20.3714 1.26114e-10
20.4733 1.24383e-10
20.5757 1.22426e-10
20.6785 1.2029e-10
20.7819 1.1798e-10
20.8858 1.15522e-10
20.9903 1.12915e-10
21.0952 1.1016e-10
21.2007 1.0726e-10
21.3067 1.04201e-10
21.4132 1.0097e-10
21.5203 9.75413e-11
21.6279 9.3878e-11
21.7361 8.99376e-11
21.8447 8.56471e-11
21.954 8.08999e-11
22.0637 7.55526e-11
22.174 6.93976e-11
22.2849 6.22224e-11
22.3963 5.44377e-11
22.5083 4.69672e-11
22.6209 4.95772e-11
22.734 5.54918e-11
22.8476 6.16864e-11
22.9619 6.75167e-11
23.0767 7.28279e-11
23.1921 7.76574e-11
23.308 8.21247e-11
23.4246 8.63265e-11
23.5417 9.03478e-11
23.6594 9.42307e-11
23.7777 9.80205e-11
23.8966 1.01725e-10
24.0161 1.05372e-10
24.1361 1.08968e-10
24.2568 1.12515e-10
24.3781 1.16014e-10
24.5 1.19481e-10
24.6225 1.22911e-10
24.7456 1.26304e-10
24.8693 1.29663e-10
24.9937 1.32996e-10
25.1187 1.36295e-10
25.2443 1.39568e-10
25.3705 1.42814e-10
25.4973 1.46035e-10
25.6248 1.49228e-10
25.7529 1.52403e-10
25.8817 1.55548e-10
26.0111 1.58675e-10
26.1412 1.61775e-10
26.2719 1.64858e-10
26.4032 1.6792e-10
26.5352 1.70969e-10
26.6679 1.73996e-10
26.8013 1.77011e-10
26.9353 1.80001e-10
27.0699 1.82978e-10
27.2053 1.85943e-10
27.3413 1.88896e-10
27.478 1.91827e-10
27.6154 1.94761e-10
27.7535 1.97665e-10
27.8923 2.00571e-10
28.0317 2.0346e-10
28.1719 2.06339e-10
28.3127 2.09217e-10
28.4543 2.12077e-10
28.5966 2.14928e-10
28.7396 2.17773e-10
28.8833 2.20617e-10
29.0277 2.23448e-10
29.1728 2.26271e-10
29.3187 2.29094e-10
29.4653 2.31912e-10
29.6126 2.34712e-10
29.7607 2.37523e-10
29.9095 2.40316e-10
30.059 2.4312e-10
30.2093 2.45908e-10
30.3603 2.48703e-10
30.5122 2.51486e-10
30.6647 2.54268e-10
30.818 2.57055e-10
30.9721 2.59833e-10
31.127 2.62609e-10
31.2826 2.65394e-10
31.439 2.68169e-10
31.5962 2.70946e-10
31.7542 2.73717e-10
31.913 2.76496e-10
32.0725 2.79275e-10
32.2329 2.82054e-10
32.3941 2.8483e-10
32.556 2.87606e-10
32.7188 2.90381e-10
32.8824 2.93168e-10
33.0468 2.95952e-10
33.2121 2.98739e-10
33.3781 3.01516e-10
33.545 3.04303e-10
33.7127 3.07101e-10
33.8813 3.09885e-10
34.0507 3.12687e-10
34.221 3.15483e-10
34.3921 3.18287e-10
34.564 3.21101e-10
34.7369 3.23907e-10
34.9105 3.26713e-10
35.0851 3.29535e-10
35.2605 3.32365e-10
35.4368 3.35186e-10
35.614 3.38011e-10
35.7921 3.40845e-10
35.971 3.43687e-10
36.1509 3.46534e-10
36.3316 3.49388e-10
36.5133 3.52238e-10
36.6959 3.55103e-10
36.8793 3.57956e-10
37.0637 3.60831e-10
37.2491 3.63712e-10
37.4353 3.66597e-10
37.6225 3.69495e-10
37.8106 3.72389e-10
37.9996 3.75287e-10
38.1896 3.78188e-10
38.3806 3.81112e-10
38.5725 3.84039e-10
38.7654 3.86959e-10
38.9592 3.89892e-10
39.154 3.92847e-10
39.3498 3.95785e-10
39.5465 3.98745e-10
39.7442 4.01724e-10
39.943 4.04688e-10
40.1427 4.07673e-10
40.3434 4.10661e-10
40.5451 4.1367e-10
40.7478 4.1666e-10
40.9516 4.19681e-10
41.1563 4.22714e-10
41.3621 4.25726e-10
41.5689 4.28781e-10
41.7768 4.31816e-10
41.9856 4.34893e-10
42.1956 4.37948e-10
42.4065 4.41014e-10
42.6186 4.44112e-10
42.8317 4.4721e-10
43.0458 4.50306e-10
43.2611 4.53425e-10
43.4774 4.56542e-10
43.6948 4.59668e-10
43.9132 4.62828e-10
44.1328 4.65964e-10
44.3535 4.69143e-10
44.5752 4.72297e-10
44.7981 4.75497e-10
45.0221 4.78689e-10
45.2472 4.81883e-10
45.4734 4.85099e-10
45.7008 4.88336e-10
45.9293 4.9157e-10
46.159 4.94826e-10
46.3897 4.98066e-10
46.6217 5.01339e-10
46.8548 5.04634e-10
47.0891 5.07925e-10
47.3245 5.11212e-10
47.5611 5.14546e-10
47.799 5.17876e-10
48.0379 5.21215e-10
48.2781 5.24561e-10
48.5195 5.2793e-10
48.7621 5.31293e-10
49.0059 5.34678e-10
49.251 5.38085e-10
49.4972 5.41486e-10
49.7447 5.44909e-10
49.9934 5.48366e-10
50.2434 5.51804e-10
50.4946 5.55264e-10
50.7471 5.58746e-10
51.0008 5.6225e-10
51.2558 5.65742e-10
51.5121 5.69261e-10
51.7697 5.72773e-10
52.0285 5.76335e-10
52.2887 5.79892e-10
52.5501 5.8344e-10
52.8129 5.8704e-10
53.0769 5.90632e-10
53.3423 5.94231e-10
53.609 5.97867e-10
53.8771 6.01496e-10
54.1464 6.05147e-10
54.4172 6.08819e-10
54.6893 6.12514e-10
54.9627 6.16201e-10
55.2375 6.19925e-10
55.5137 6.23656e-10
55.7913 6.27378e-10
56.0702 6.31154e-10
56.3506 6.34921e-10
56.6323 6.38711e-10
56.9155 6.42491e-10
57.2001 6.46326e-10
57.4861 6.50167e-10
57.7735 6.54015e-10
58.0624 6.57852e-10
58.3527 6.61746e-10
58.6445 6.65629e-10
58.9377 6.69568e-10
59.2324 6.73491e-10
59.5285 6.77443e-10
59.8262 6.81384e-10
60.1253 6.85382e-10
60.4259 6.89369e-10
60.7281 6.9338e-10
61.0317 6.97414e-10
61.3369 7.01436e-10
61.6435 7.05499e-10
61.9518 7.09568e-10
62.2615 7.13695e-10
62.5728 7.17776e-10
62.8857 7.21916e-10
63.2001 7.26079e-10
63.5161 7.3023e-10
63.8337 7.34405e-10
64.1529 7.38621e-10
64.4736 7.42844e-10
64.796 7.47091e-10
65.12 7.51324e-10
65.4456 7.5562e-10
65.7728 7.59902e-10
66.1017 7.64208e-10
66.4322 7.68539e-10
66.7643 7.72874e-10
67.0982 7.77253e-10
67.4336 7.81658e-10
67.7708 7.86048e-10
68.1097 7.90463e-10
68.4502 7.94903e-10
68.7925 7.99367e-10
69.1364 8.03849e-10
69.4821 8.08364e-10
69.8295 8.12904e-10
70.1787 8.17429e-10
70.5296 8.21979e-10
70.8822 8.26595e-10
71.2366 8.31196e-10
71.5928 8.35823e-10
71.9508 8.40454e-10
72.3105 8.45132e-10
72.6721 8.49793e-10
73.0354 8.54524e-10
73.4006 8.59237e-10
73.7676 8.63977e-10
74.1365 8.68742e-10
74.5071 8.73534e-10
74.8797 8.78374e-10
75.2541 8.83175e-10
75.6303 8.88046e-10
76.0085 8.92944e-10
76.3885 8.97825e-10
76.7705 9.02732e-10
77.1543 9.07712e-10
77.5401 9.12673e-10
77.9278 9.17638e-10
78.3174 9.22653e-10
78.709 9.27696e-10
79.1026 9.32766e-10
79.4981 9.37817e-10
79.8956 9.42943e-10
80.2951 9.48049e-10
80.6965 9.53222e-10
81.1 9.58384e-10
81.5055 9.63574e-10
81.913 9.68792e-10
82.3226 9.74038e-10
82.7342 9.79313e-10
83.1479 9.84616e-10
83.5636 9.89949e-10
83.9815 9.9526e-10
84.4014 1.00067e-09
84.8234 1.00604e-09
85.2475 1.01144e-09
85.6737 1.01692e-09
86.1021 1.02237e-09
86.5326 1.02786e-09
86.9653 1.03337e-09
87.4001 1.03892e-09
87.8371 1.04446e-09
88.2763 1.05007e-09
88.7177 1.0557e-09
89.1612 1.06136e-09
89.607 1.06701e-09
90.0551 1.07273e-09
90.5054 1.07843e-09
90.9579 1.08422e-09
91.4127 1.08998e-09
91.8697 1.0958e-09
92.3291 1.10162e-09
92.7907 1.10748e-09
93.2547 1.11337e-09
93.721 1.11928e-09
94.1896 1.12523e-09
94.6605 1.13121e-09
95.1338 1.13721e-09
95.6095 1.14326e-09
96.0875 1.14928e-09
96.568 1.15538e-09
97.0508 1.16147e-09
97.5361 1.16764e-09
98.0237 1.17379e-09
98.5139 1.18002e-09
99.0064 1.18621e-09
99.5015 1.19251e-09
99.999 1.19879e-09
