0.100000	9.514590e-11
0.101000	9.514583e-11
0.102010	9.514577e-11
0.103030	9.514570e-11
0.104060	9.514563e-11
0.105101	9.514556e-11
0.106152	9.514549e-11
0.107214	9.514542e-11
0.108286	9.514534e-11
0.109369	9.514527e-11
0.110462	9.514519e-11
0.111567	9.514511e-11
0.112683	9.514503e-11
0.113809	9.514495e-11
0.114947	9.514486e-11
0.116097	9.514478e-11
0.117258	9.514469e-11
0.118430	9.514460e-11
0.119615	9.514451e-11
0.120811	9.514442e-11
0.122019	9.514433e-11
0.123239	9.514423e-11
0.124472	9.514413e-11
0.125716	9.514403e-11
0.126973	9.514393e-11
0.128243	9.514382e-11
0.129526	9.514372e-11
0.130821	9.514361e-11
0.132129	9.514350e-11
0.133450	9.514339e-11
0.134785	9.514327e-11
0.136133	9.514315e-11
0.137494	9.514303e-11
0.138869	9.514291e-11
0.140258	9.514279e-11
0.141660	9.514266e-11
0.143077	9.514253e-11
0.144508	9.514240e-11
0.145953	9.514226e-11
0.147412	9.514212e-11
0.148886	9.514198e-11
0.150375	9.514184e-11
0.151879	9.514169e-11
0.153398	9.514154e-11
0.154932	9.514139e-11
0.156481	9.514124e-11
0.158046	9.514108e-11
0.159626	9.514092e-11
0.161223	9.514075e-11
0.162835	9.514058e-11
0.164463	9.514041e-11
0.166108	9.514024e-11
0.167769	9.514006e-11
0.169447	9.513988e-11
0.171141	9.513969e-11
0.172852	9.513950e-11
0.174581	9.513931e-11
0.176327	9.513911e-11
0.178090	9.513891e-11
0.179871	9.513871e-11
0.181670	9.513850e-11
0.183486	9.513828e-11
0.185321	9.513807e-11
0.187174	9.513784e-11
0.189046	9.513762e-11
0.190937	9.513739e-11
0.192846	9.513715e-11
0.194774	9.513691e-11
0.196722	9.513666e-11
0.198689	9.513641e-11
0.200676	9.513616e-11
0.202683	9.513590e-11
0.204710	9.513563e-11
0.206757	9.513536e-11
0.208825	9.513509e-11
0.210913	9.513480e-11
0.213022	9.513452e-11
0.215152	9.513422e-11
0.217304	9.513392e-11
0.219477	9.513362e-11
0.221672	9.513331e-11
0.223888	9.513299e-11
0.226127	9.513266e-11
0.228388	9.513233e-11
0.230672	9.513200e-11
0.232979	9.513165e-11
0.235309	9.513130e-11
0.237662	9.513094e-11
0.240038	9.513058e-11
0.242439	9.513021e-11
0.244863	9.512983e-11
0.247312	9.512944e-11
0.249785	9.512904e-11
0.252283	9.512864e-11
0.254806	9.512823e-11
0.257354	9.512781e-11
0.259927	9.512738e-11
0.262527	9.512694e-11
0.265152	9.512650e-11
0.267803	9.512604e-11
0.270481	9.512558e-11
0.273186	9.512510e-11
0.275918	9.512462e-11
0.278677	9.512413e-11
0.281464	9.512363e-11
0.284279	9.512311e-11
0.287121	9.512259e-11
0.289993	9.512206e-11
0.292893	9.512151e-11
0.295822	9.512096e-11
0.298780	9.512039e-11
0.301768	9.511982e-11
0.304785	9.511923e-11
0.307833	9.511863e-11
0.310911	9.511801e-11
0.314020	9.511739e-11
0.317161	9.511675e-11
0.320332	9.511610e-11
0.323536	9.511544e-11
0.326771	9.511476e-11
0.330039	9.511407e-11
0.333339	9.511336e-11
0.336672	9.511265e-11
0.340039	9.511191e-11
0.343440	9.511116e-11
0.346874	9.511040e-11
0.350343	9.510962e-11
0.353846	9.510883e-11
0.357385	9.510802e-11
0.360958	9.510719e-11
0.364568	9.510635e-11
0.368214	9.510549e-11
0.371896	9.510461e-11
0.375615	9.510372e-11
0.379371	9.510281e-11
0.383165	9.510187e-11
0.386996	9.510092e-11
0.390866	9.509996e-11
0.394775	9.509897e-11
0.398723	9.509796e-11
0.402710	9.509693e-11
0.406737	9.509588e-11
0.410804	9.509481e-11
0.414912	9.509372e-11
0.419062	9.509261e-11
0.423252	9.509147e-11
0.427485	9.509031e-11
0.431760	9.508913e-11
0.436077	9.508792e-11
0.440438	9.508669e-11
0.444842	9.508544e-11
0.449291	9.508416e-11
0.453784	9.508285e-11
0.458321	9.508152e-11
0.462905	9.508016e-11
0.467534	9.507877e-11
0.472209	9.507736e-11
0.476931	9.507592e-11
0.481700	9.507444e-11
0.486517	9.507294e-11
0.491383	9.507141e-11
0.496296	9.506985e-11
0.501259	9.506825e-11
0.506272	9.506663e-11
0.511335	9.506497e-11
0.516448	9.506328e-11
0.521613	9.506155e-11
0.526829	9.505979e-11
0.532097	9.505799e-11
0.537418	9.505616e-11
0.542792	9.505429e-11
0.548220	9.505239e-11
0.553702	9.505044e-11
0.559239	9.504846e-11
0.564832	9.504643e-11
0.570480	9.504437e-11
0.576185	9.504226e-11
0.581947	9.504011e-11
0.587766	9.503792e-11
0.593644	9.503568e-11
0.599580	9.503340e-11
0.605576	9.503107e-11
0.611632	9.502870e-11
0.617748	9.502628e-11
0.623926	9.502381e-11
0.630165	9.502129e-11
0.636466	9.501872e-11
0.642831	9.501609e-11
0.649259	9.501342e-11
0.655752	9.501069e-11
0.662310	9.500790e-11
0.668933	9.500506e-11
0.675622	9.500216e-11
0.682378	9.499921e-11
0.689202	9.499619e-11
0.696094	9.499312e-11
0.703055	9.498998e-11
0.710085	9.498678e-11
0.717186	9.498351e-11
0.724358	9.498018e-11
0.731602	9.497678e-11
0.738918	9.497331e-11
0.746307	9.496978e-11
0.753770	9.496617e-11
0.761308	9.496249e-11
0.768921	9.495873e-11
0.776610	9.495490e-11
0.784376	9.495100e-11
0.792220	9.494701e-11
0.800142	9.494294e-11
0.808144	9.493879e-11
0.816225	9.493456e-11
0.824387	9.493025e-11
0.832631	9.492584e-11
0.840957	9.492135e-11
0.849367	9.491676e-11
0.857861	9.491209e-11
0.866439	9.490732e-11
0.875104	9.490245e-11
0.883855	9.489749e-11
0.892693	9.489242e-11
0.901620	9.488726e-11
0.910636	9.488199e-11
0.919743	9.487661e-11
0.928940	9.487112e-11
0.938230	9.486553e-11
0.947612	9.485982e-11
0.957088	9.485400e-11
0.966659	9.484806e-11
0.976325	9.484199e-11
0.986089	9.483581e-11
0.995950	9.482950e-11
1.005909	9.482307e-11
1.015968	9.481650e-11
1.026128	9.480981e-11
1.036389	9.480297e-11
1.046753	9.479600e-11
1.057221	9.478889e-11
1.067793	9.478164e-11
1.078471	9.477424e-11
1.089255	9.476669e-11
1.100148	9.475899e-11
1.111149	9.475113e-11
1.122261	9.474311e-11
1.133484	9.473493e-11
1.144818	9.472659e-11
1.156267	9.471808e-11
1.167829	9.470940e-11
1.179507	9.470054e-11
1.191303	9.469150e-11
1.203216	9.468228e-11
1.215248	9.467287e-11
1.227400	9.466328e-11
1.239674	9.465349e-11
1.252071	9.464350e-11
1.264592	9.463331e-11
1.277238	9.462291e-11
1.290010	9.461231e-11
1.302910	9.460149e-11
1.315939	9.459045e-11
1.329099	9.457918e-11
1.342390	9.456769e-11
1.355813	9.455597e-11
1.369372	9.454401e-11
1.383065	9.453181e-11
1.396896	9.451936e-11
1.410865	9.450666e-11
1.424974	9.449371e-11
1.439223	9.448049e-11
1.453616	9.446700e-11
1.468152	9.445324e-11
1.482833	9.443920e-11
1.497662	9.442488e-11
1.512638	9.441027e-11
1.527765	9.439536e-11
1.543042	9.438015e-11
1.558473	9.436463e-11
1.574057	9.434879e-11
1.589798	9.433264e-11
1.605696	9.431616e-11
1.621753	9.429934e-11
1.637970	9.428218e-11
1.654350	9.426468e-11
1.670894	9.424682e-11
1.687602	9.422859e-11
1.704479	9.421000e-11
1.721523	9.419103e-11
1.738739	9.417168e-11
1.756126	9.415193e-11
1.773687	9.413178e-11
1.791424	9.411122e-11
1.809338	9.409024e-11
1.827432	9.406884e-11
1.845706	9.404700e-11
1.864163	9.402472e-11
1.882805	9.400199e-11
1.901633	9.397879e-11
1.920649	9.395512e-11
1.939856	9.393097e-11
1.959254	9.390633e-11
1.978847	9.388118e-11
1.998635	9.385552e-11
2.018621	9.382934e-11
2.038808	9.380263e-11
2.059196	9.377537e-11
2.079788	9.374756e-11
2.100586	9.371918e-11
2.121591	9.369022e-11
2.142807	9.366067e-11
2.164235	9.363051e-11
2.185878	9.359974e-11
2.207737	9.356834e-11
2.229814	9.353630e-11
2.252112	9.350360e-11
2.274633	9.347024e-11
2.297380	9.343619e-11
2.320353	9.340145e-11
2.343557	9.336599e-11
2.366992	9.332981e-11
2.390662	9.329289e-11
2.414569	9.325521e-11
2.438715	9.321675e-11
2.463102	9.317751e-11
2.487733	9.313746e-11
2.512610	9.309659e-11
2.537736	9.305489e-11
2.563114	9.301232e-11
2.588745	9.296888e-11
2.614632	9.292454e-11
2.640778	9.287930e-11
2.667186	9.283312e-11
2.693858	9.278599e-11
2.720797	9.273789e-11
2.748005	9.268879e-11
2.775485	9.263869e-11
2.803240	9.258754e-11
2.831272	9.253535e-11
2.859585	9.248207e-11
2.888181	9.242769e-11
2.917062	9.237219e-11
2.946233	9.231554e-11
2.975695	9.225771e-11
3.005452	9.219869e-11
3.035507	9.213844e-11
3.065862	9.207694e-11
3.096520	9.201417e-11
3.127486	9.195008e-11
3.158761	9.188467e-11
3.190348	9.181789e-11
3.222252	9.174973e-11
3.254474	9.168014e-11
3.287019	9.160910e-11
3.319889	9.153658e-11
3.353088	9.146254e-11
3.386619	9.138695e-11
3.420485	9.130978e-11
3.454690	9.123100e-11
3.489237	9.115056e-11
3.524129	9.106844e-11
3.559370	9.098459e-11
3.594964	9.089897e-11
3.630914	9.081156e-11
3.667223	9.072230e-11
3.703895	9.063116e-11
3.740934	9.053810e-11
3.778343	9.044307e-11
3.816127	9.034603e-11
3.854288	9.024694e-11
3.892831	9.014575e-11
3.931759	9.004240e-11
3.971077	8.993686e-11
4.010788	8.982908e-11
4.050896	8.971900e-11
4.091405	8.960657e-11
4.132319	8.949174e-11
4.173642	8.937446e-11
4.215378	8.925466e-11
4.257532	8.913230e-11
4.300107	8.900730e-11
4.343108	8.887962e-11
4.386539	8.874919e-11
4.430405	8.861595e-11
4.474709	8.847983e-11
4.519456	8.834076e-11
4.564651	8.819868e-11
4.610297	8.805351e-11
4.656400	8.790519e-11
4.702964	8.775363e-11
4.749994	8.759877e-11
4.797494	8.744052e-11
4.845469	8.727880e-11
4.893923	8.711354e-11
4.942862	8.694464e-11
4.992291	8.677202e-11
5.042214	8.659558e-11
5.092636	8.641524e-11
5.143562	8.623090e-11
5.194998	8.604247e-11
5.246948	8.584983e-11
5.299418	8.565289e-11
5.352412	8.545155e-11
5.405936	8.524568e-11
5.459995	8.503518e-11
5.514595	8.481994e-11
5.569741	8.459982e-11
5.625439	8.437471e-11
5.681693	8.414448e-11
5.738510	8.390900e-11
5.795895	8.366813e-11
5.853854	8.342173e-11
5.912392	8.316965e-11
5.971516	8.291176e-11
6.031231	8.264788e-11
6.091544	8.237787e-11
6.152459	8.210156e-11
6.213984	8.181877e-11
6.276124	8.152933e-11
6.338885	8.123307e-11
6.402274	8.092978e-11
6.466297	8.061928e-11
6.530959	8.030136e-11
6.596269	7.997581e-11
6.662232	7.964241e-11
6.728854	7.930095e-11
6.796143	7.895118e-11
6.864104	7.859286e-11
6.932745	7.822574e-11
7.002073	7.784956e-11
7.072093	7.746404e-11
7.142814	7.706890e-11
7.214242	7.666384e-11
7.286385	7.624856e-11
7.359249	7.582274e-11
7.432841	7.538604e-11
7.507170	7.493811e-11
7.582241	7.447859e-11
7.627851	2.759899e-12
7.916965	7.033202e-12
8.195887	8.344276e-12
8.465624	9.227285e-12
8.727028	9.911525e-12
8.980827	1.047773e-11
9.227648	1.096467e-11
9.468036	1.139422e-11
9.702471	1.178004e-11
9.931373	1.213129e-11
10.155117	1.245443e-11
10.374036	1.275422e-11
10.588430	1.303425e-11
10.798569	1.329730e-11
11.004695	1.354562e-11
11.207031	1.378098e-11
11.405778	1.400486e-11
11.601121	1.421850e-11
11.793228	1.442292e-11
11.982256	1.461899e-11
12.168348	1.480749e-11
12.351636	1.498904e-11
12.532244	1.516423e-11
12.710286	1.533355e-11
12.885869	1.549744e-11
13.059090	1.565629e-11
13.230044	1.581044e-11
13.398817	1.596022e-11
13.565490	1.610589e-11
13.730140	1.624771e-11
13.892839	1.638592e-11
14.053655	1.652071e-11
14.212651	1.665228e-11
14.369888	1.678081e-11
14.525423	1.690645e-11
14.679310	1.702935e-11
14.831600	1.714964e-11
14.982343	1.726745e-11
15.131584	1.738290e-11
15.279367	1.749610e-11
15.425734	1.760714e-11
15.570726	1.771612e-11
15.714380	1.782312e-11
15.856733	1.792823e-11
15.997818	1.803152e-11
16.137671	1.813307e-11
16.276322	1.823294e-11
16.413802	1.833120e-11
16.550139	1.842790e-11
16.685363	1.852310e-11
16.819500	1.861685e-11
16.952575	1.870922e-11
17.084614	1.880023e-11
17.215640	1.888994e-11
17.345676	1.897839e-11
17.474745	1.906562e-11
17.602868	1.915166e-11
17.730064	1.923657e-11
17.856355	1.932036e-11
17.981758	1.940308e-11
18.106294	1.948476e-11
18.229978	1.956541e-11
18.352829	1.964509e-11
18.474863	1.972380e-11
18.596096	1.980159e-11
18.716544	1.987847e-11
18.836222	1.995447e-11
18.955144	2.002960e-11
19.073324	2.010391e-11
19.190777	2.017739e-11
19.307516	2.025009e-11
19.423552	2.032201e-11
19.538900	2.039317e-11
19.653571	2.046359e-11
19.767576	2.053330e-11
19.880928	2.060230e-11
19.993637	2.067062e-11
20.105715	2.073827e-11
20.217171	2.080526e-11
20.328016	2.087161e-11
20.438259	2.093733e-11
20.547912	2.100244e-11
20.656982	2.106695e-11
20.765480	2.113087e-11
20.873413	2.119422e-11
20.980791	2.125701e-11
21.087623	2.131924e-11
21.193916	2.138093e-11
21.299678	2.144209e-11
21.404918	2.150274e-11
21.509643	2.156288e-11
21.613861	2.162251e-11
21.717578	2.168166e-11
21.820803	2.174033e-11
21.923541	2.179852e-11
22.025801	2.185626e-11
22.127587	2.191354e-11
22.228908	2.197037e-11
22.329769	2.202677e-11
22.430176	2.208273e-11
22.430176	2.208273e-11
22.654478	2.664155e-11
22.881023	3.096646e-11
23.109833	3.498024e-11
23.340931	3.873210e-11
23.574341	4.227094e-11
23.810084	4.563543e-11
24.048185	4.885537e-11
24.288667	5.195396e-11
24.531553	5.494955e-11
24.776869	5.785689e-11
25.024638	6.068801e-11
25.274884	6.345285e-11
25.527633	6.615974e-11
25.782909	6.881573e-11
26.040738	7.142687e-11
26.301146	7.399839e-11
26.564157	7.653486e-11
26.829799	7.904030e-11
27.098097	8.151827e-11
27.369078	8.397196e-11
27.642768	8.640421e-11
27.919196	8.881759e-11
28.198388	9.121443e-11
28.480372	9.359684e-11
28.765176	9.596674e-11
29.052827	9.832591e-11
29.343356	1.006760e-10
29.636789	1.030184e-10
29.933157	1.053546e-10
30.232489	1.076859e-10
30.534814	1.100134e-10
30.840162	1.123382e-10
31.148563	1.146615e-10
31.460049	1.169842e-10
31.774650	1.193072e-10
32.092396	1.216314e-10
32.413320	1.239576e-10
32.737453	1.262866e-10
33.064828	1.286191e-10
33.395476	1.309559e-10
33.729431	1.332976e-10
34.066725	1.356449e-10
34.407392	1.379984e-10
34.751466	1.403587e-10
35.098981	1.427263e-10
35.449971	1.451019e-10
35.804470	1.474859e-10
36.162515	1.498789e-10
36.524140	1.522813e-10
36.889382	1.546937e-10
37.258275	1.571166e-10
37.630858	1.595503e-10
38.007167	1.619954e-10
38.387239	1.644523e-10
38.771111	1.669214e-10
39.158822	1.694031e-10
39.550410	1.718979e-10
39.945914	1.744061e-10
40.345373	1.769283e-10
40.748827	1.794646e-10
41.156315	1.820156e-10
41.567879	1.845816e-10
41.983557	1.871630e-10
42.403393	1.897602e-10
42.827427	1.923735e-10
43.255701	1.950034e-10
43.688258	1.976501e-10
44.125141	2.003140e-10
44.566392	2.029955e-10
45.012056	2.056949e-10
45.462177	2.084126e-10
45.916798	2.111490e-10
46.375966	2.139043e-10
46.839726	2.166790e-10
47.308123	2.194733e-10
47.781205	2.222877e-10
48.259017	2.251224e-10
48.741607	2.279778e-10
49.229023	2.308542e-10
49.721313	2.337521e-10
50.218526	2.366716e-10
50.720711	2.396133e-10
51.227919	2.425773e-10
51.740198	2.455641e-10
52.257600	2.485739e-10
52.780176	2.516072e-10
53.307978	2.546643e-10
53.841057	2.577455e-10
54.379468	2.608511e-10
54.923263	2.639816e-10
55.472495	2.671372e-10
56.027220	2.703183e-10
56.587492	2.735252e-10
57.153367	2.767584e-10
57.724901	2.800180e-10
58.302150	2.833046e-10
58.885171	2.866185e-10
59.474023	2.899599e-10
60.068763	2.933293e-10
60.669451	2.967270e-10
61.276146	3.001534e-10
61.888907	3.036089e-10
62.507796	3.070937e-10
63.132874	3.106084e-10
63.764203	3.141532e-10
64.401845	3.177285e-10
65.045863	3.213347e-10
65.696322	3.249722e-10
66.353285	3.286413e-10
67.016818	3.323424e-10
67.686986	3.360760e-10
68.363856	3.398423e-10
69.047495	3.436418e-10
69.737969	3.474750e-10
70.435349	3.513420e-10
71.139703	3.552435e-10
71.851100	3.591797e-10
72.569611	3.631511e-10
73.295307	3.671580e-10
74.028260	3.712010e-10
74.768542	3.752803e-10
75.516228	3.793965e-10
76.271390	3.835498e-10
77.034104	3.877409e-10
77.804445	3.919700e-10
78.582490	3.962376e-10
79.368314	4.005442e-10
80.161998	4.048901e-10
80.963618	4.092758e-10
81.773254	4.137018e-10
82.590986	4.181686e-10
83.416896	4.226764e-10
84.251065	4.272259e-10
85.093576	4.318174e-10
85.944511	4.364515e-10
86.803957	4.411285e-10
87.671996	4.458491e-10
88.548716	4.506135e-10
89.434203	4.554224e-10
90.328545	4.602762e-10
91.231831	4.651753e-10
92.144149	4.701204e-10
93.065591	4.751118e-10
93.996246	4.801501e-10
94.936209	4.852357e-10
95.885571	4.903692e-10
96.844427	4.955512e-10
97.812871	5.007820e-10
98.791000	5.060623e-10
99.778910	5.113926e-10
100.776699	5.167733e-10
101.784466	5.222051e-10
102.802310	5.276885e-10
103.830334	5.332239e-10
104.868637	5.388121e-10
105.917323	5.444535e-10
106.976497	5.501486e-10
108.046261	5.558982e-10
109.126724	5.617027e-10
110.217991	5.675626e-10
111.320171	5.734787e-10
112.433373	5.794515e-10
113.557707	5.854815e-10
114.693284	5.915694e-10
115.840217	5.977158e-10
116.998619	6.039213e-10
118.168605	6.101865e-10
119.350291	6.165121e-10
120.543794	6.228986e-10
121.749232	6.293467e-10
122.966724	6.358570e-10
124.196391	6.424303e-10
125.438355	6.490670e-10
126.692739	6.557680e-10
127.959666	6.625338e-10
129.239263	6.693652e-10
130.531656	6.762627e-10
131.836972	6.832272e-10
133.155342	6.902593e-10
134.486895	6.973596e-10
135.831764	7.045289e-10
137.190082	7.117680e-10
138.561983	7.190774e-10
139.947602	7.264581e-10
141.347079	7.339105e-10
142.760549	7.414356e-10
144.188155	7.490341e-10
145.630036	7.567067e-10
147.086337	7.644542e-10
148.557200	7.722773e-10
150.042772	7.801768e-10
151.543200	7.881536e-10
153.058632	7.962083e-10
154.589218	8.043419e-10
156.135110	8.125550e-10
157.696461	8.208486e-10
159.273426	8.292234e-10
160.866160	8.376802e-10
162.474822	8.462200e-10
164.099570	8.548435e-10
165.740566	8.635517e-10
167.397971	8.723453e-10
169.071951	8.812253e-10
170.762671	8.901924e-10
172.470297	8.992477e-10
174.195000	9.083920e-10
175.936950	9.176262e-10
177.696320	9.269513e-10
179.473283	9.363681e-10
181.268016	9.458776e-10
183.080696	9.554807e-10
184.911503	9.651784e-10
186.760618	9.749716e-10
188.628224	9.848614e-10
190.514506	9.948486e-10
192.419652	1.004934e-09
194.343848	1.015120e-09
196.287287	1.025405e-09
198.250159	1.035792e-09
200.232661	1.046282e-09
202.234988	1.056876e-09
204.257337	1.067573e-09
206.299911	1.078377e-09
208.362910	1.089287e-09
210.446539	1.100306e-09
212.551004	1.111433e-09
214.676514	1.122670e-09
216.823280	1.134018e-09
218.991512	1.145479e-09
221.181428	1.157053e-09
223.393242	1.168741e-09
225.627174	1.180546e-09
227.883446	1.192467e-09
230.162280	1.204506e-09
232.463903	1.216664e-09
234.788542	1.228943e-09
237.136428	1.241344e-09
239.507792	1.253867e-09
241.902870	1.266515e-09
244.321899	1.279288e-09
246.765118	1.292187e-09
249.232769	1.305215e-09
251.725096	1.318372e-09
254.242347	1.331659e-09
256.784771	1.345078e-09
259.352619	1.358630e-09
261.946145	1.372317e-09
264.565606	1.386140e-09
267.211262	1.400100e-09
269.883375	1.414198e-09
272.582209	1.428437e-09
275.308031	1.442817e-09
278.061111	1.457340e-09
280.841722	1.472007e-09
283.650139	1.486820e-09
286.486641	1.501780e-09
289.351507	1.516888e-09
292.245022	1.532147e-09
295.167472	1.547558e-09
298.119147	1.563122e-09
301.100339	1.578840e-09
304.111342	1.594715e-09
307.152455	1.610748e-09
310.223980	1.626940e-09
313.326220	1.643293e-09
316.459482	1.659809e-09
319.624077	1.676490e-09
322.820318	1.693336e-09
326.048521	1.710350e-09
329.309006	1.727534e-09
332.602096	1.744888e-09
335.928117	1.762415e-09
339.287398	1.780117e-09
342.680272	1.797995e-09
346.107075	1.816050e-09
349.568146	1.834286e-09
353.063827	1.852703e-09
356.594465	1.871304e-09
360.160410	1.890090e-09
363.762014	1.909063e-09
367.399634	1.928226e-09
371.073631	1.947579e-09
374.784367	1.967124e-09
378.532211	1.986865e-09
382.317533	2.006803e-09
386.140708	2.026939e-09
390.002115	2.047275e-09
393.902136	2.067815e-09
397.841158	2.088559e-09
401.819569	2.109510e-09
405.837765	2.130670e-09
409.896143	2.152041e-09
413.995104	2.173624e-09
418.135055	2.195424e-09
422.316406	2.217440e-09
426.539570	2.239676e-09
430.804965	2.262134e-09
435.113015	2.284815e-09
439.464145	2.307723e-09
443.858787	2.330860e-09
448.297374	2.354227e-09
452.780348	2.377827e-09
457.308152	2.401663e-09
461.881233	2.425736e-09
466.500046	2.450050e-09
471.165046	2.474606e-09
475.876696	2.499407e-09
480.635463	2.524456e-09
485.441818	2.549755e-09
490.296236	2.575306e-09
495.199199	2.601112e-09
500.151191	2.627176e-09
505.152702	2.653499e-09
510.204229	2.680086e-09
515.306272	2.706938e-09
520.459334	2.734057e-09
525.663928	2.761448e-09
530.920567	2.789112e-09
536.229773	2.817052e-09
541.592071	2.845271e-09
547.007991	2.873772e-09
552.478071	2.902557e-09
558.002852	2.931630e-09
563.582880	2.960992e-09
569.218709	2.990649e-09
574.910896	3.020601e-09
580.660005	3.050852e-09
586.466605	3.081405e-09
592.331271	3.112264e-09
598.254584	3.143430e-09
604.237130	3.174908e-09
610.279501	3.206700e-09
616.382296	3.238809e-09
622.546119	3.271240e-09
628.771580	3.303994e-09
635.059296	3.337075e-09
641.409889	3.370487e-09
647.823988	3.404232e-09
654.302228	3.438315e-09
660.845250	3.472737e-09
667.453703	3.507504e-09
674.128240	3.542618e-09
680.869522	3.578083e-09
687.678217	3.613902e-09
694.554999	3.650079e-09
701.500549	3.686617e-09
708.515555	3.723520e-09
715.600711	3.760792e-09
722.756718	3.798436e-09
729.984285	3.836457e-09
737.284128	3.874857e-09
744.656969	3.913640e-09
752.103539	3.952812e-09
759.624574	3.992374e-09
767.220820	4.032332e-09
774.893028	4.072690e-09
782.641958	4.113450e-09
790.468378	4.154618e-09
798.373062	4.196197e-09
806.356792	4.238191e-09
814.420360	4.280605e-09
822.564564	4.323443e-09
830.790209	4.366709e-09
839.098111	4.410408e-09
847.489093	4.454543e-09
855.963983	4.499119e-09
864.523623	4.544140e-09
873.168860	4.589612e-09
881.900548	4.635538e-09
890.719554	4.681923e-09
899.626749	4.728771e-09
908.623017	4.776088e-09
917.709247	4.823877e-09
926.886339	4.872144e-09
936.155203	4.920894e-09
945.516755	4.970130e-09
954.971922	5.019859e-09
964.521641	5.070085e-09
974.166858	5.120813e-09
983.908526	5.172047e-09
993.747612	5.223794e-09
